 0  0    0    0     1.13833
 0  0    0    1     1.17592
 0  0    0    2     1.19367
 0  0    0    3     1.16539
 0  0    0    4     1.25391
 0  0    0    5     1.25322
 0  0    0    6     1.38601
 0  0    0    7     1.29631
 0  0    0    8     1.47709
 0  0    0    9     1.29123
 0  0    0    10     1.20668
 0  0    0    11     1.3148
 0  0    0    12     1.02123
 0  0    0    13     1.32334
 0  0    0    14     1.16302
 0  0    0    15     1.2195
 0  0    0    16     1.13134
 0  0    0    17     1.33199
 0  0    0    18     1.32355
 0  0    0    19     1.24343
 0  0    0    20     1.28952
 0  0    0    21     1.84231
 0  0    0    22     1.6156
 0  0    0    23     1.32238
 0  0    0    24     1.34401
 0  0    0    25     1.56082
 0  0    0    26     1.74628
 0  0    0    27     1.22937
 0  0    0    28     1.69913
 0  0    0    29     1.30574
 0  0    0    30     1.25442
 0  0    0    31     1.26986
 0  0    1    0     1.31206
 0  0    1    1     1.45021
 0  0    1    2     1.27499
 0  0    1    3     0.877302
 0  0    1    4     1.28175
 0  0    1    5     1.41446
 0  0    1    6     1.18751
 0  0    1    7     1.05245
 0  0    1    8     1.22122
 0  0    1    9     1.18138
 0  0    1    10     1.04873
 0  0    1    11     1.09422
 0  0    1    12     1.25677
 0  0    1    13     1.4525
 0  0    1    14     1.57933
 0  0    1    15     1.23913
 0  0    1    16     1.53233
 0  0    1    17     1.52969
 0  0    1    18     1.48928
 0  0    1    19     1.26644
 0  0    1    20     1.19368
 0  0    1    21     1.04691
 0  0    1    22     1.02852
 0  0    1    23     1.16877
 0  0    1    24     1.08354
 0  0    1    25     1.03367
 0  0    1    26     1.03258
 0  0    1    27     1.16671
 0  0    1    28     1.18476
 0  0    1    29     0.973805
 0  0    1    30     0.963772
 0  0    1    31     1.38091
 0  0    2    0     0.890973
 0  0    2    1     0.985112
 0  0    2    2     1.19554
 0  0    2    3     1.63933
 0  0    2    4     0.991301
 0  0    2    5     1.02734
 0  0    2    6     1.07132
 0  0    2    7     1.00062
 0  0    2    8     1.14759
 0  0    2    9     1.2301
 0  0    2    10     1.03328
 0  0    2    11     1.33508
 0  0    2    12     1.3059
 0  0    2    13     1.22457
 0  0    2    14     1.23495
 0  0    2    15     1.26984
 0  0    2    16     1.21553
 0  0    2    17     1.18469
 0  0    2    18     1.20581
 0  0    2    19     1.12433
 0  0    2    20     1.10509
 0  0    2    21     1.33492
 0  0    2    22     1.31617
 0  0    2    23     1.27226
 0  0    2    24     1.11368
 0  0    2    25     1.25912
 0  0    2    26     1.17346
 0  0    2    27     1.23662
 0  0    2    28     1.24712
 0  0    2    29     1.48272
 0  0    2    30     1.43668
 0  0    2    31     1.00602
 0  0    3    0     1.7201
 0  0    3    1     1.10308
 0  0    3    2     1.11724
 0  0    3    3     1.10778
 0  0    3    4     1.12483
 0  0    3    5     0.995348
 0  0    3    6     1.09833
 0  0    3    7     1.14103
 0  0    3    8     1.15154
 0  0    3    9     1.03481
 0  0    3    10     1.04047
 0  0    3    11     1.09312
 0  0    3    12     1.11813
 0  0    3    13     1.33278
 0  0    3    14     1.23167
 0  0    3    15     1.59296
 0  0    3    16     1.23241
 0  0    3    17     1.18473
 0  0    3    18     1.38031
 0  0    3    19     1.49094
 0  0    3    20     1.23577
 0  0    3    21     1.12835
 0  0    3    22     1.1589
 0  0    3    23     1.30681
 0  0    3    24     1.34334
 0  0    3    25     1.16435
 0  0    3    26     1.10361
 0  0    3    27     1.62262
 0  0    3    28     0.985866
 0  0    3    29     1.53738
 0  0    3    30     1.39094
 0  0    3    31     1.03962
 0  0    4    0     1.12019
 0  0    4    1     1.34789
 0  0    4    2     1.31767
 0  0    4    3     0.954842
 0  0    4    4     1.30127
 0  0    4    5     1.29384
 0  0    4    6     1.34273
 0  0    4    7     1.37373
 0  0    4    8     1.12508
 0  0    4    9     1.23708
 0  0    4    10     1.43556
 0  0    4    11     1.28725
 0  0    4    12     1.5343
 0  0    4    13     1.24998
 0  0    4    14     1.30532
 0  0    4    15     1.2395
 0  0    4    16     1.41787
 0  0    4    17     1.24787
 0  0    4    18     1.2405
 0  0    4    19     1.15702
 0  0    4    20     1.32668
 0  0    4    21     1.49497
 0  0    4    22     1.29012
 0  0    4    23     1.35774
 0  0    4    24     1.36549
 0  0    4    25     1.29813
 0  0    4    26     1.52572
 0  0    4    27     1.25128
 0  0    4    28     1.01932
 0  0    4    29     1.18495
 0  0    4    30     1.18677
 0  0    4    31     1.34752
 0  0    5    0     1.50775
 0  0    5    1     1.24544
 0  0    5    2     1.2262
 0  0    5    3     1.07764
 0  0    5    4     1.24059
 0  0    5    5     0.96691
 0  0    5    6     1.18333
 0  0    5    7     1.22673
 0  0    5    8     1.16804
 0  0    5    9     1.18912
 0  0    5    10     1.14615
 0  0    5    11     1.13755
 0  0    5    12     1.19251
 0  0    5    13     1.10366
 0  0    5    14     1.07961
 0  0    5    15     1.54726
 0  0    5    16     1.31716
 0  0    5    17     1.56849
 0  0    5    18     1.11547
 0  0    5    19     1.49197
 0  0    5    20     1.84056
 0  0    5    21     1.65579
 0  0    5    22     1.26419
 0  0    5    23     1.11779
 0  0    5    24     1.77433
 0  0    5    25     1.71651
 0  0    5    26     1.08783
 0  0    5    27     1.11266
 0  0    5    28     1.21494
 0  0    5    29     1.81188
 0  0    5    30     1.60581
 0  0    5    31     1.12713
 0  0    6    0     1.21063
 0  0    6    1     1.05354
 0  0    6    2     0.911307
 0  0    6    3     1.32874
 0  0    6    4     1.33449
 0  0    6    5     1.33214
 0  0    6    6     1.47636
 0  0    6    7     1.14059
 0  0    6    8     1.32243
 0  0    6    9     1.3438
 0  0    6    10     1.47029
 0  0    6    11     0.995392
 0  0    6    12     1.79195
 0  0    6    13     1.18125
 0  0    6    14     1.26949
 0  0    6    15     0.997358
 0  0    6    16     1.82976
 0  0    6    17     1.26058
 0  0    6    18     1.19059
 0  0    6    19     0.949367
 0  0    6    20     1.08354
 0  0    6    21     1.34534
 0  0    6    22     1.08498
 0  0    6    23     0.975674
 0  0    6    24     1.12833
 0  0    6    25     1.08502
 0  0    6    26     1.03847
 0  0    6    27     1.01136
 0  0    6    28     1.42513
 0  0    6    29     1.65371
 0  0    6    30     1.16985
 0  0    6    31     1.45465
 0  0    7    0     1.22369
 0  0    7    1     1.34905
 0  0    7    2     1.28256
 0  0    7    3     0.993727
 0  0    7    4     1.13185
 0  0    7    5     1.20676
 0  0    7    6     1.14157
 0  0    7    7     1.27858
 0  0    7    8     1.0268
 0  0    7    9     1.08188
 0  0    7    10     1.13553
 0  0    7    11     1.20966
 0  0    7    12     1.03572
 0  0    7    13     1.25547
 0  0    7    14     1.01918
 0  0    7    15     1.09486
 0  0    7    16     0.926801
 0  0    7    17     0.995986
 0  0    7    18     1.0438
 0  0    7    19     1.01968
 0  0    7    20     0.988868
 0  0    7    21     1.15182
 0  0    7    22     1.10273
 0  0    7    23     1.16631
 0  0    7    24     1.04374
 0  0    7    25     1.09704
 0  0    7    26     0.967662
 0  0    7    27     1.169
 0  0    7    28     1.2801
 0  0    7    29     1.23872
 0  0    7    30     1.08599
 0  0    7    31     1.13166
 0  0    8    0     1.01007
 0  0    8    1     1.44731
 0  0    8    2     1.32877
 0  0    8    3     0.98479
 0  0    8    4     1.46661
 0  0    8    5     1.33559
 0  0    8    6     1.37641
 0  0    8    7     1.23623
 0  0    8    8     1.22625
 0  0    8    9     1.17487
 0  0    8    10     1.19086
 0  0    8    11     1.31887
 0  0    8    12     1.02383
 0  0    8    13     1.28569
 0  0    8    14     1.22224
 0  0    8    15     1.72634
 0  0    8    16     0.979339
 0  0    8    17     1.39895
 0  0    8    18     1.24867
 0  0    8    19     1.28522
 0  0    8    20     1.30524
 0  0    8    21     1.23529
 0  0    8    22     1.24268
 0  0    8    23     1.22461
 0  0    8    24     1.22297
 0  0    8    25     1.18555
 0  0    8    26     1.38254
 0  0    8    27     1.25264
 0  0    8    28     1.10618
 0  0    8    29     0.959344
 0  0    8    30     1.15928
 0  0    8    31     1.49925
 0  0    9    0     0.998152
 0  0    9    1     1.14676
 0  0    9    2     1.17106
 0  0    9    3     1.43856
 0  0    9    4     1.31182
 0  0    9    5     1.40175
 0  0    9    6     1.4124
 0  0    9    7     1.3998
 0  0    9    8     1.24846
 0  0    9    9     1.43865
 0  0    9    10     1.37891
 0  0    9    11     1.24674
 0  0    9    12     1.27397
 0  0    9    13     1.70586
 0  0    9    14     1.43178
 0  0    9    15     1.1541
 0  0    9    16     1.4154
 0  0    9    17     1.49949
 0  0    9    18     1.25496
 0  0    9    19     1.10568
 0  0    9    20     1.20823
 0  0    9    21     1.42739
 0  0    9    22     1.15026
 0  0    9    23     1.20059
 0  0    9    24     1.14634
 0  0    9    25     1.2778
 0  0    9    26     1.17207
 0  0    9    27     1.10833
 0  0    9    28     1.08481
 0  0    9    29     1.19299
 0  0    9    30     1.32354
 0  0    9    31     1.05033
 0  0    10    0     1.1939
 0  0    10    1     1.79336
 0  0    10    2     1.44007
 0  0    10    3     0.93038
 0  0    10    4     1.29368
 0  0    10    5     1.48939
 0  0    10    6     1.39128
 0  0    10    7     0.969288
 0  0    10    8     1.24925
 0  0    10    9     1.28905
 0  0    10    10     1.26504
 0  0    10    11     1.43545
 0  0    10    12     0.944018
 0  0    10    13     1.2275
 0  0    10    14     1.18967
 0  0    10    15     1.30766
 0  0    10    16     1.10398
 0  0    10    17     1.27709
 0  0    10    18     1.18382
 0  0    10    19     1.30088
 0  0    10    20     0.987031
 0  0    10    21     1.18508
 0  0    10    22     1.26298
 0  0    10    23     1.2614
 0  0    10    24     1.27119
 0  0    10    25     1.25222
 0  0    10    26     1.14541
 0  0    10    27     1.27151
 0  0    10    28     1.24575
 0  0    10    29     1.28327
 0  0    10    30     1.14216
 0  0    10    31     1.25694
 0  0    11    0     1.49014
 0  0    11    1     1.62283
 0  0    11    2     1.22773
 0  0    11    3     1.37791
 0  0    11    4     1.36781
 0  0    11    5     1.69386
 0  0    11    6     1.21568
 0  0    11    7     0.832554
 0  0    11    8     1.35504
 0  0    11    9     1.61951
 0  0    11    10     1.14773
 0  0    11    11     1.1017
 0  0    11    12     1.49773
 0  0    11    13     1.14457
 0  0    11    14     1.10065
 0  0    11    15     0.85265
 0  0    11    16     1.50959
 0  0    11    17     1.18438
 0  0    11    18     1.09163
 0  0    11    19     0.84196
 0  0    11    20     0.858675
 0  0    11    21     0.975575
 0  0    11    22     1.14395
 0  0    11    23     1.40285
 0  0    11    24     1.34675
 0  0    11    25     1.08922
 0  0    11    26     1.06693
 0  0    11    27     1.27756
 0  0    11    28     1.25447
 0  0    11    29     1.24823
 0  0    11    30     1.19344
 0  0    11    31     1.22994
 0  0    12    0     1.39358
 0  0    12    1     1.11373
 0  0    12    2     1.03286
 0  0    12    3     1.20801
 0  0    12    4     0.945751
 0  0    12    5     1.2823
 0  0    12    6     1.35712
 0  0    12    7     1.62745
 0  0    12    8     1.07432
 0  0    12    9     1.45128
 0  0    12    10     1.4327
 0  0    12    11     1.55663
 0  0    12    12     0.878609
 0  0    12    13     1.38423
 0  0    12    14     1.57895
 0  0    12    15     2.00396
 0  0    12    16     0.902545
 0  0    12    17     1.75847
 0  0    12    18     1.66913
 0  0    12    19     1.84578
 0  0    12    20     1.53845
 0  0    12    21     1.28495
 0  0    12    22     1.89564
 0  0    12    23     1.21887
 0  0    12    24     1.32017
 0  0    12    25     1.33723
 0  0    12    26     1.41256
 0  0    12    27     1.14377
 0  0    12    28     1.05268
 0  0    12    29     1.33228
 0  0    12    30     1.29074
 0  0    12    31     1.03744
 0  0    13    0     1.09983
 0  0    13    1     0.959863
 0  0    13    2     1.2303
 0  0    13    3     1.74627
 0  0    13    4     1.56269
 0  0    13    5     1.26519
 0  0    13    6     1.32126
 0  0    13    7     1.31721
 0  0    13    8     1.35579
 0  0    13    9     1.24035
 0  0    13    10     1.29477
 0  0    13    11     1.37943
 0  0    13    12     1.56092
 0  0    13    13     1.27963
 0  0    13    14     1.33648
 0  0    13    15     1.2769
 0  0    13    16     1.19728
 0  0    13    17     1.18527
 0  0    13    18     1.19496
 0  0    13    19     1.40503
 0  0    13    20     1.00262
 0  0    13    21     1.35807
 0  0    13    22     1.42649
 0  0    13    23     1.36016
 0  0    13    24     0.959788
 0  0    13    25     1.32447
 0  0    13    26     1.09346
 0  0    13    27     1.22832
 0  0    13    28     0.979064
 0  0    13    29     1.55164
 0  0    13    30     1.11446
 0  0    13    31     1.46216
 0  0    14    0     1.15239
 0  0    14    1     1.30134
 0  0    14    2     1.3718
 0  0    14    3     1.42805
 0  0    14    4     1.38177
 0  0    14    5     1.26044
 0  0    14    6     1.23491
 0  0    14    7     1.36306
 0  0    14    8     1.25426
 0  0    14    9     1.25663
 0  0    14    10     1.35451
 0  0    14    11     1.24584
 0  0    14    12     1.34032
 0  0    14    13     1.35287
 0  0    14    14     1.30125
 0  0    14    15     1.07358
 0  0    14    16     1.2443
 0  0    14    17     1.37511
 0  0    14    18     1.40983
 0  0    14    19     1.14849
 0  0    14    20     1.14963
 0  0    14    21     1.83391
 0  0    14    22     1.80852
 0  0    14    23     1.25196
 0  0    14    24     1.36221
 0  0    14    25     1.85065
 0  0    14    26     1.48273
 0  0    14    27     1.34667
 0  0    14    28     1.30216
 0  0    14    29     1.42178
 0  0    14    30     1.41751
 0  0    14    31     1.84111
 0  0    15    0     1.17315
 0  0    15    1     1.18148
 0  0    15    2     1.3347
 0  0    15    3     1.21164
 0  0    15    4     0.935063
 0  0    15    5     1.42607
 0  0    15    6     1.40896
 0  0    15    7     1.32435
 0  0    15    8     1.03803
 0  0    15    9     1.58634
 0  0    15    10     1.26675
 0  0    15    11     1.27246
 0  0    15    12     0.970535
 0  0    15    13     1.31441
 0  0    15    14     1.15524
 0  0    15    15     1.52899
 0  0    15    16     0.926567
 0  0    15    17     1.30133
 0  0    15    18     1.10111
 0  0    15    19     1.57421
 0  0    15    20     0.844663
 0  0    15    21     1.12671
 0  0    15    22     1.03699
 0  0    15    23     1.22157
 0  0    15    24     0.903278
 0  0    15    25     1.17176
 0  0    15    26     1.05773
 0  0    15    27     0.944683
 0  0    15    28     1.14818
 0  0    15    29     1.03177
 0  0    15    30     0.959524
 0  0    15    31     0.969527
 0  0    16    0     1.24233
 0  0    16    1     1.30459
 0  0    16    2     1.26317
 0  0    16    3     1.15168
 0  0    16    4     1.24937
 0  0    16    5     1.0917
 0  0    16    6     1.05118
 0  0    16    7     1.25957
 0  0    16    8     1.20939
 0  0    16    9     1.0384
 0  0    16    10     1.05955
 0  0    16    11     1.3714
 0  0    16    12     1.51798
 0  0    16    13     1.38126
 0  0    16    14     0.989068
 0  0    16    15     1.59552
 0  0    16    16     1.4413
 0  0    16    17     1.37602
 0  0    16    18     1.27856
 0  0    16    19     1.24545
 0  0    16    20     0.986074
 0  0    16    21     1.15942
 0  0    16    22     1.071
 0  0    16    23     1.30951
 0  0    16    24     0.939428
 0  0    16    25     1.09541
 0  0    16    26     0.975669
 0  0    16    27     1.31523
 0  0    16    28     1.08704
 0  0    16    29     0.851373
 0  0    16    30     1.00859
 0  0    16    31     0.887947
 0  0    17    0     1.08095
 0  0    17    1     1.21752
 0  0    17    2     1.30191
 0  0    17    3     1.09131
 0  0    17    4     1.5561
 0  0    17    5     1.50541
 0  0    17    6     1.4497
 0  0    17    7     1.31123
 0  0    17    8     1.48361
 0  0    17    9     1.47204
 0  0    17    10     1.46166
 0  0    17    11     1.50178
 0  0    17    12     1.51813
 0  0    17    13     1.32458
 0  0    17    14     1.34594
 0  0    17    15     1.12844
 0  0    17    16     1.29154
 0  0    17    17     1.27542
 0  0    17    18     1.18333
 0  0    17    19     1.01767
 0  0    17    20     1.19144
 0  0    17    21     1.07344
 0  0    17    22     1.05309
 0  0    17    23     1.16224
 0  0    17    24     1.11931
 0  0    17    25     1.30494
 0  0    17    26     1.13913
 0  0    17    27     1.23354
 0  0    17    28     0.845243
 0  0    17    29     1.10758
 0  0    17    30     1.04577
 0  0    17    31     0.987707
 0  0    18    0     1.05626
 0  0    18    1     1.21224
 0  0    18    2     1.43873
 0  0    18    3     1.38385
 0  0    18    4     1.19402
 0  0    18    5     1.31363
 0  0    18    6     1.2218
 0  0    18    7     1.26856
 0  0    18    8     1.2828
 0  0    18    9     1.23219
 0  0    18    10     1.15031
 0  0    18    11     1.1805
 0  0    18    12     1.06796
 0  0    18    13     1.51437
 0  0    18    14     1.46256
 0  0    18    15     1.40461
 0  0    18    16     1.02451
 0  0    18    17     1.50652
 0  0    18    18     1.30787
 0  0    18    19     1.15982
 0  0    18    20     1.08114
 0  0    18    21     1.07731
 0  0    18    22     1.2861
 0  0    18    23     1.04973
 0  0    18    24     1.11218
 0  0    18    25     0.978279
 0  0    18    26     1.0717
 0  0    18    27     0.982465
 0  0    18    28     1.01928
 0  0    18    29     1.13996
 0  0    18    30     1.1229
 0  0    18    31     0.99951
 0  0    19    0     1.19133
 0  0    19    1     1.21736
 0  0    19    2     1.61548
 0  0    19    3     1.73284
 0  0    19    4     1.22829
 0  0    19    5     1.26242
 0  0    19    6     1.192
 0  0    19    7     1.0187
 0  0    19    8     1.17813
 0  0    19    9     1.21324
 0  0    19    10     1.20966
 0  0    19    11     1.21131
 0  0    19    12     1.2189
 0  0    19    13     1.65689
 0  0    19    14     1.4193
 0  0    19    15     1.94074
 0  0    19    16     1.13379
 0  0    19    17     1.50255
 0  0    19    18     1.32429
 0  0    19    19     2.01142
 0  0    19    20     1.0063
 0  0    19    21     1.58774
 0  0    19    22     1.07879
 0  0    19    23     1.09057
 0  0    19    24     1.23924
 0  0    19    25     1.17636
 0  0    19    26     1.28132
 0  0    19    27     0.952031
 0  0    19    28     0.999253
 0  0    19    29     1.69103
 0  0    19    30     1.27715
 0  0    19    31     1.09275
 0  0    20    0     1.37854
 0  0    20    1     1.29629
 0  0    20    2     1.1778
 0  0    20    3     1.39843
 0  0    20    4     1.39772
 0  0    20    5     1.54811
 0  0    20    6     1.61717
 0  0    20    7     2.33737
 0  0    20    8     1.36354
 0  0    20    9     1.0508
 0  0    20    10     1.67505
 0  0    20    11     1.62114
 0  0    20    12     1.71369
 0  0    20    13     1.89368
 0  0    20    14     1.61666
 0  0    20    15     1.4699
 0  0    20    16     1.42377
 0  0    20    17     1.57151
 0  0    20    18     1.81135
 0  0    20    19     1.61286
 0  0    20    20     1.54406
 0  0    20    21     0.589246
 0  0    21    0     1.35662
 0  0    21    1     1.34899
 0  0    21    2     1.02167
 0  0    21    3     1.00881
 0  0    21    4     1.14071
 0  0    21    5     1.27272
 0  0    21    6     1.00465
 0  0    21    7     1.26178
 0  0    21    8     1.10963
 0  0    21    9     1.20293
 0  0    21    10     1.23857
 0  0    21    11     1.42064
 0  0    21    12     1.09783
 0  0    21    13     1.23715
 0  0    21    14     1.22267
 0  0    21    15     1.66084
 0  0    21    16     1.19224
 0  0    21    17     1.43646
 0  0    21    18     1.58013
 0  0    21    19     1.39958
 0  0    21    20     1.38733
 0  0    21    21     1.19352
 0  0    22    0     1.36044
 0  0    22    1     1.64875
 0  0    22    2     1.64149
 0  0    22    3     1.0925
 0  0    22    4     1.18382
 0  0    22    5     1.49212
 0  0    22    6     1.41393
 0  0    22    7     1.88687
 0  0    22    8     1.75345
 0  0    22    9     1.62839
 0  0    22    10     1.52808
 0  0    22    11     1.5952
 0  0    22    12     1.1252
 0  0    22    13     1.15798
 0  0    22    14     1.33876
 0  0    22    15     1.24045
 0  0    22    16     1.12876
 0  0    22    17     1.20852
 0  0    22    18     1.43812
 0  0    22    19     1.24767
 0  0    22    20     1.3342
 0  0    22    21     1.19224
 0  0    22    22     1.42414
 0  0    22    23     1.3929
 0  0    22    24     1.5898
 0  0    22    25     1.21061
 0  0    22    26     1.30192
 0  0    22    27     1.01721
 0  0    22    28     1.24345
 0  0    22    29     0.923643
 0  0    22    30     0.896866
 0  0    22    31     1.07676
 0  0    23    0     1.4257
 0  0    23    1     1.83492
 0  0    23    2     1.94629
 0  0    23    3     1.60172
 0  0    23    4     1.49353
 0  0    23    5     1.58708
 0  0    23    6     1.54138
 0  0    23    7     2.17478
 0  0    23    8     2.00356
 0  0    23    9     1.56573
 0  0    23    10     1.54678
 0  0    23    11     1.46896
 0  0    23    12     1.68229
 0  0    23    13     1.56711
 0  0    23    14     1.48818
 0  0    23    15     2.03504
 0  0    23    16     0.437475
 0  0    23    17     1.69208
 0  0    23    18     1.99326
 0  0    23    19     1.40439
 0  0    23    20     1.07529
 0  0    23    21     1.43932
 0  0    23    22     0.947068
 0  0    23    23     1.4601
 0  0    23    24     1.47576
 0  0    23    25     1.3527
 0  0    23    26     1.36672
 0  0    23    27     1.65592
 0  0    23    28     1.81509
 0  0    23    29     0.962799
 0  0    23    30     0.624367
 0  0    23    31     0.943252
 0  1    0    0     1.2734
 0  1    0    1     1.22276
 0  1    0    2     1.18821
 0  1    0    3     1.2294
 0  1    0    4     1.19428
 0  1    0    5     1.36082
 0  1    0    6     1.28844
 0  1    0    7     1.15715
 0  1    0    8     1.26917
 0  1    0    9     1.37551
 0  1    0    10     1.47702
 0  1    0    11     1.25578
 0  1    0    12     1.35794
 0  1    0    13     1.36993
 0  1    0    14     1.10542
 0  1    0    15     1.14978
 0  1    0    16     1.30482
 0  1    0    17     1.4514
 0  1    0    18     1.37611
 0  1    0    19     1.35769
 0  1    0    20     1.78701
 0  1    0    21     1.26738
 0  1    0    22     1.40905
 0  1    0    23     1.28611
 0  1    0    24     1.98422
 0  1    0    25     1.24362
 0  1    0    26     1.44566
 0  1    0    27     1.35568
 0  1    0    28     1.22309
 0  1    0    29     1.20978
 0  1    0    30     1.17014
 0  1    0    31     1.23885
 0  1    1    0     1.2291
 0  1    1    1     1.4144
 0  1    1    2     1.37532
 0  1    1    3     1.18871
 0  1    1    4     1.08728
 0  1    1    5     1.13571
 0  1    1    6     1.10126
 0  1    1    7     1.5619
 0  1    1    8     1.06552
 0  1    1    9     1.01872
 0  1    1    10     1.04756
 0  1    1    11     1.3022
 0  1    1    12     1.32655
 0  1    1    13     1.05875
 0  1    1    14     1.05503
 0  1    1    15     1.12784
 0  1    1    16     1.34449
 0  1    1    17     1.08581
 0  1    1    18     1.03793
 0  1    1    19     1.14857
 0  1    1    20     1.37421
 0  1    1    21     1.3572
 0  1    1    22     1.2353
 0  1    1    23     1.16701
 0  1    1    24     1.17044
 0  1    1    25     1.36492
 0  1    1    26     1.42854
 0  1    1    27     1.19211
 0  1    1    28     1.16383
 0  1    1    29     1.30679
 0  1    1    30     1.41566
 0  1    1    31     1.24606
 0  1    2    0     1.33653
 0  1    2    1     1.68902
 0  1    2    2     1.63147
 0  1    2    3     1.29685
 0  1    2    4     1.44819
 0  1    2    5     1.3172
 0  1    2    6     1.47016
 0  1    2    7     1.37375
 0  1    2    8     1.50806
 0  1    2    9     1.52896
 0  1    2    10     1.48515
 0  1    2    11     1.34338
 0  1    2    12     1.17127
 0  1    2    13     1.47131
 0  1    2    14     1.33996
 0  1    2    15     1.12285
 0  1    2    16     1.1751
 0  1    2    17     1.48621
 0  1    2    18     1.49435
 0  1    2    19     1.16509
 0  1    2    20     1.18687
 0  1    2    21     1.58402
 0  1    2    22     1.41998
 0  1    2    23     1.68376
 0  1    2    24     1.16654
 0  1    2    25     1.68754
 0  1    2    26     1.57974
 0  1    2    27     1.71536
 0  1    2    28     1.18664
 0  1    2    29     1.24427
 0  1    2    30     1.60922
 0  1    2    31     1.65587
 0  1    3    0     1.18351
 0  1    3    1     1.37115
 0  1    3    2     1.44195
 0  1    3    3     1.53634
 0  1    3    4     1.38052
 0  1    3    5     1.38726
 0  1    3    6     1.42547
 0  1    3    7     1.53162
 0  1    3    8     1.27774
 0  1    3    9     1.4148
 0  1    3    10     1.33165
 0  1    3    11     1.55853
 0  1    3    12     1.14806
 0  1    3    13     1.04215
 0  1    3    14     1.26996
 0  1    3    15     1.15329
 0  1    3    16     1.22801
 0  1    3    17     1.03372
 0  1    3    18     1.0298
 0  1    3    19     1.1355
 0  1    3    20     1.73434
 0  1    3    21     1.23659
 0  1    3    22     1.19701
 0  1    3    23     1.22979
 0  1    3    24     1.44445
 0  1    3    25     1.39894
 0  1    3    26     1.35209
 0  1    3    27     1.39896
 0  1    3    28     1.504
 0  1    3    29     1.47049
 0  1    3    30     1.54506
 0  1    3    31     0.976213
 0  1    4    0     1.68266
 0  1    4    1     1.54134
 0  1    4    2     1.55929
 0  1    4    3     1.40943
 0  1    4    4     1.50498
 0  1    4    5     1.47228
 0  1    4    6     1.47461
 0  1    4    7     1.32502
 0  1    4    8     1.47867
 0  1    4    9     1.30912
 0  1    4    10     1.5665
 0  1    4    11     1.40775
 0  1    4    12     1.25809
 0  1    4    13     1.26571
 0  1    4    14     1.23131
 0  1    4    15     1.49607
 0  1    4    16     1.15274
 0  1    4    17     1.21486
 0  1    4    18     1.30062
 0  1    4    19     1.53493
 0  1    4    20     1.31169
 0  1    4    21     1.55012
 0  1    4    22     1.53787
 0  1    4    23     1.53219
 0  1    4    24     1.36497
 0  1    4    25     1.64004
 0  1    4    26     1.40365
 0  1    4    27     1.45096
 0  1    4    28     1.20658
 0  1    4    29     1.4077
 0  1    4    30     1.32969
 0  1    4    31     1.31538
 0  1    5    0     1.14604
 0  1    5    1     1.22685
 0  1    5    2     1.23916
 0  1    5    3     1.23386
 0  1    5    4     1.01184
 0  1    5    5     1.09957
 0  1    5    6     1.2218
 0  1    5    7     0.952171
 0  1    5    8     1.11921
 0  1    5    9     1.27214
 0  1    5    10     1.05681
 0  1    5    11     1.09514
 0  1    5    12     1.58653
 0  1    5    13     1.14359
 0  1    5    14     1.09321
 0  1    5    15     1.14861
 0  1    5    16     1.49402
 0  1    5    17     1.26859
 0  1    5    18     1.13076
 0  1    5    19     1.08804
 0  1    5    20     1.05837
 0  1    5    21     1.24757
 0  1    5    22     1.24072
 0  1    5    23     1.04748
 0  1    5    24     1.1057
 0  1    5    25     1.32347
 0  1    5    26     1.2067
 0  1    5    27     1.26804
 0  1    5    28     1.11833
 0  1    5    29     1.05174
 0  1    5    30     1.06824
 0  1    5    31     1.06724
 0  1    6    0     1.17858
 0  1    6    1     1.23994
 0  1    6    2     1.31933
 0  1    6    3     1.21921
 0  1    6    4     1.00144
 0  1    6    5     1.08105
 0  1    6    6     1.03214
 0  1    6    7     1.05416
 0  1    6    8     0.943119
 0  1    6    9     1.16724
 0  1    6    10     1.04488
 0  1    6    11     1.1369
 0  1    6    12     1.15236
 0  1    6    13     1.15351
 0  1    6    14     1.12424
 0  1    6    15     1.32105
 0  1    6    16     1.0398
 0  1    6    17     1.23555
 0  1    6    18     1.16883
 0  1    6    19     1.30391
 0  1    6    20     1.07827
 0  1    6    21     1.26169
 0  1    6    22     1.39591
 0  1    6    23     1.21959
 0  1    6    24     1.10026
 0  1    6    25     1.47651
 0  1    6    26     1.31326
 0  1    6    27     1.25851
 0  1    6    28     1.04948
 0  1    6    29     1.09967
 0  1    6    30     1.15824
 0  1    6    31     1.20573
 0  1    7    0     1.10473
 0  1    7    1     1.24856
 0  1    7    2     1.39691
 0  1    7    3     2.055
 0  1    7    4     1.25376
 0  1    7    5     1.5069
 0  1    7    6     1.65952
 0  1    7    7     1.32499
 0  1    7    8     1.26474
 0  1    7    9     1.5102
 0  1    7    10     1.56191
 0  1    7    11     1.26169
 0  1    7    12     1.24026
 0  1    7    13     1.49872
 0  1    7    14     1.72195
 0  1    7    15     1.66432
 0  1    7    16     1.27116
 0  1    7    17     1.47632
 0  1    7    18     1.71476
 0  1    7    19     1.41569
 0  1    7    20     1.21944
 0  1    7    21     1.30902
 0  1    7    22     1.29599
 0  1    7    23     1.23516
 0  1    7    24     1.37558
 0  1    7    25     1.32213
 0  1    7    26     1.44542
 0  1    7    27     1.26752
 0  1    7    28     1.22966
 0  1    7    29     1.57185
 0  1    7    30     1.44366
 0  1    7    31     1.23738
 0  1    8    0     1.52135
 0  1    8    1     1.53685
 0  1    8    2     1.42369
 0  1    8    3     1.01454
 0  1    8    4     1.24038
 0  1    8    5     1.03098
 0  1    8    6     1.00049
 0  1    8    7     1.35137
 0  1    8    8     1.3992
 0  1    8    9     1.26861
 0  1    8    10     1.26708
 0  1    8    11     1.52077
 0  1    8    12     1.26169
 0  1    8    13     1.57415
 0  1    8    14     1.64194
 0  1    8    15     1.25004
 0  1    8    16     1.37276
 0  1    8    17     1.61238
 0  1    8    18     1.48517
 0  1    8    19     1.53053
 0  1    8    20     1.27123
 0  1    8    21     1.50248
 0  1    8    22     1.34264
 0  1    8    23     1.70637
 0  1    8    24     1.11056
 0  1    8    25     1.684
 0  1    8    26     1.6765
 0  1    8    27     1.66382
 0  1    8    28     1.13959
 0  1    8    29     1.35391
 0  1    8    30     1.29989
 0  1    8    31     1.41101
 0  1    9    0     1.05261
 0  1    9    1     1.43056
 0  1    9    2     1.32559
 0  1    9    3     1.22369
 0  1    9    4     1.56812
 0  1    9    5     1.40874
 0  1    9    6     1.36597
 0  1    9    7     1.26203
 0  1    9    8     1.56833
 0  1    9    9     1.45997
 0  1    9    10     1.38426
 0  1    9    11     1.47121
 0  1    9    12     1.31588
 0  1    9    13     1.74169
 0  1    9    14     1.65005
 0  1    9    15     1.29182
 0  1    9    16     1.27187
 0  1    9    17     1.62723
 0  1    9    18     1.51617
 0  1    9    19     1.27998
 0  1    9    20     1.62028
 0  1    9    21     1.18762
 0  1    9    22     1.22416
 0  1    9    23     1.21895
 0  1    9    24     1.72063
 0  1    9    25     1.36008
 0  1    9    26     1.29316
 0  1    9    27     1.20029
 0  1    9    28     1.57719
 0  1    9    29     1.073
 0  1    9    30     1.04177
 0  1    9    31     0.956297
 0  1    10    0     1.22173
 0  1    10    1     1.15026
 0  1    10    2     1.12681
 0  1    10    3     0.960529
 0  1    10    4     1.72345
 0  1    10    5     1.22516
 0  1    10    6     1.40806
 0  1    10    7     1.38881
 0  1    10    8     1.75816
 0  1    10    9     1.0646
 0  1    10    10     1.16006
 0  1    10    11     1.4889
 0  1    10    12     1.13401
 0  1    10    13     1.12472
 0  1    10    14     1.06809
 0  1    10    15     1.13126
 0  1    10    16     1.06409
 0  1    10    17     1.1112
 0  1    10    18     1.02611
 0  1    10    19     1.10645
 0  1    10    20     0.916593
 0  1    10    21     1.32697
 0  1    10    22     1.49105
 0  1    10    23     0.913162
 0  1    10    24     0.934653
 0  1    10    25     1.32356
 0  1    10    26     1.25563
 0  1    10    27     0.996468
 0  1    10    28     1.10488
 0  1    10    29     1.13502
 0  1    10    30     0.921432
 0  1    10    31     1.02221
 0  1    11    0     0.978252
 0  1    11    1     1.14376
 0  1    11    2     1.11154
 0  1    11    3     1.22356
 0  1    11    4     1.48647
 0  1    11    5     1.4314
 0  1    11    6     1.51944
 0  1    11    7     1.30616
 0  1    11    8     1.27452
 0  1    11    9     1.32415
 0  1    11    10     1.3484
 0  1    11    11     1.37044
 0  1    11    12     1.09924
 0  1    11    13     1.19412
 0  1    11    14     1.16956
 0  1    11    15     1.20435
 0  1    11    16     1.11718
 0  1    11    17     1.0578
 0  1    11    18     1.17568
 0  1    11    19     1.26249
 0  1    11    20     1.0473
 0  1    11    21     1.11315
 0  1    11    22     1.10873
 0  1    11    23     1.12483
 0  1    11    24     0.844117
 0  1    11    25     1.06564
 0  1    11    26     1.10027
 0  1    11    27     1.31227
 0  1    11    28     1.00433
 0  1    11    29     1.13326
 0  1    11    30     0.996219
 0  1    11    31     1.0413
 0  1    12    0     1.19748
 0  1    12    1     1.47456
 0  1    12    2     1.63158
 0  1    12    3     1.24157
 0  1    12    4     1.28977
 0  1    12    5     1.14529
 0  1    12    6     1.18925
 0  1    12    7     1.01859
 0  1    12    8     1.37471
 0  1    12    9     1.0985
 0  1    12    10     1.26331
 0  1    12    11     0.994429
 0  1    12    12     1.30974
 0  1    12    13     1.28366
 0  1    12    14     1.26777
 0  1    12    15     1.2072
 0  1    12    16     1.17298
 0  1    12    17     1.33573
 0  1    12    18     1.19454
 0  1    12    19     1.16164
 0  1    12    20     1.01781
 0  1    12    21     1.15067
 0  1    12    22     1.05941
 0  1    12    23     1.05582
 0  1    12    24     1.26481
 0  1    12    25     1.10219
 0  1    12    26     1.0144
 0  1    12    27     1.21469
 0  1    12    28     0.88994
 0  1    12    29     0.905069
 0  1    12    30     1.12722
 0  1    12    31     0.888253
 0  1    13    0     1.25558
 0  1    13    1     1.24857
 0  1    13    2     1.24188
 0  1    13    3     1.50024
 0  1    13    4     1.14563
 0  1    13    5     1.31292
 0  1    13    6     1.33367
 0  1    13    7     1.34552
 0  1    13    8     1.11675
 0  1    13    9     1.45321
 0  1    13    10     1.35191
 0  1    13    11     1.29326
 0  1    13    12     1.24038
 0  1    13    13     1.05986
 0  1    13    14     1.11613
 0  1    13    15     1.30996
 0  1    13    16     1.12818
 0  1    13    17     1.02076
 0  1    13    18     1.03966
 0  1    13    19     1.17591
 0  1    13    20     1.03988
 0  1    13    21     1.21786
 0  1    13    22     1.39078
 0  1    13    23     1.1156
 0  1    13    24     1.07013
 0  1    13    25     1.16083
 0  1    13    26     1.22073
 0  1    13    27     1.18058
 0  1    13    28     1.00944
 0  1    13    29     1.17662
 0  1    13    30     1.07089
 0  1    13    31     1.03213
 0  1    14    0     1.53157
 0  1    14    1     1.07016
 0  1    14    2     1.0513
 0  1    14    3     0.954616
 0  1    14    4     1.32819
 0  1    14    5     1.30195
 0  1    14    6     1.47807
 0  1    14    7     1.18461
 0  1    14    8     1.29361
 0  1    14    9     1.38553
 0  1    14    10     1.62923
 0  1    14    11     1.21185
 0  1    14    12     1.18979
 0  1    14    13     1.06372
 0  1    14    14     1.09263
 0  1    14    15     1.07188
 0  1    14    16     1.0788
 0  1    14    17     1.12537
 0  1    14    18     1.29565
 0  1    14    19     1.04579
 0  1    14    20     1.04851
 0  1    14    21     1.03741
 0  1    14    22     1.05789
 0  1    14    23     1.33917
 0  1    14    24     1.26053
 0  1    14    25     1.12852
 0  1    14    26     1.12585
 0  1    14    27     1.40729
 0  1    14    28     1.01954
 0  1    14    29     1.12466
 0  1    14    30     1.15554
 0  1    14    31     1.41535
 0  1    15    0     0.99848
 0  1    15    1     1.11412
 0  1    15    2     0.970122
 0  1    15    3     0.970426
 0  1    15    4     1.14402
 0  1    15    5     1.36818
 0  1    15    6     1.24247
 0  1    15    7     1.10049
 0  1    15    8     1.12045
 0  1    15    9     1.34769
 0  1    15    10     1.30446
 0  1    15    11     1.15949
 0  1    15    12     1.12291
 0  1    15    13     1.44696
 0  1    15    14     1.29418
 0  1    15    15     1.11621
 0  1    15    16     1.13576
 0  1    15    17     1.45988
 0  1    15    18     1.44293
 0  1    15    19     1.27558
 0  1    15    20     1.01671
 0  1    15    21     1.23162
 0  1    15    22     1.15819
 0  1    15    23     1.0217
 0  1    15    24     1.17881
 0  1    15    25     1.29039
 0  1    15    26     1.15651
 0  1    15    27     1.11926
 0  1    15    28     1.0786
 0  1    15    29     1.21496
 0  1    15    30     1.0495
 0  1    15    31     1.06861
 0  1    16    0     0.887688
 0  1    16    1     1.1323
 0  1    16    2     0.984762
 0  1    16    3     0.944296
 0  1    16    4     1.32544
 0  1    16    5     1.09775
 0  1    16    6     1.11228
 0  1    16    7     1.11476
 0  1    16    8     1.18522
 0  1    16    9     1.15388
 0  1    16    10     1.14832
 0  1    16    11     1.1113
 0  1    16    12     1.10957
 0  1    16    13     1.06356
 0  1    16    14     1.34887
 0  1    16    15     1.12676
 0  1    16    16     1.10418
 0  1    16    17     1.27063
 0  1    16    18     1.43685
 0  1    16    19     1.18053
 0  1    16    20     1.10163
 0  1    16    21     1.14567
 0  1    16    22     1.39832
 0  1    16    23     1.32376
 0  1    16    24     1.02982
 0  1    16    25     1.10565
 0  1    16    26     1.28403
 0  1    16    27     1.14534
 0  1    16    28     1.10914
 0  1    16    29     1.22603
 0  1    16    30     1.40792
 0  1    16    31     1.24782
 0  1    17    0     0.93825
 0  1    17    1     1.08487
 0  1    17    2     1.07842
 0  1    17    3     0.978892
 0  1    17    4     1.0443
 0  1    17    5     1.0002
 0  1    17    6     1.08527
 0  1    17    7     1.56549
 0  1    17    8     1.10061
 0  1    17    9     1.02196
 0  1    17    10     1.0307
 0  1    17    11     1.53393
 0  1    17    12     1.15682
 0  1    17    13     1.21536
 0  1    17    14     1.11055
 0  1    17    15     0.95299
 0  1    17    16     1.13952
 0  1    17    17     1.18701
 0  1    17    18     1.1742
 0  1    17    19     0.96424
 0  1    17    20     1.27517
 0  1    17    21     1.31593
 0  1    17    22     1.22438
 0  1    17    23     1.20447
 0  1    17    24     1.09653
 0  1    17    25     1.30551
 0  1    17    26     1.30258
 0  1    17    27     1.08354
 0  1    17    28     1.37373
 0  1    17    29     1.34757
 0  1    17    30     1.27421
 0  1    17    31     1.06183
 0  1    18    0     1.02451
 0  1    18    1     1.15066
 0  1    18    2     1.19098
 0  1    18    3     1.08848
 0  1    18    4     1.53836
 0  1    18    5     1.56995
 0  1    18    6     1.4005
 0  1    18    7     1.08376
 0  1    18    8     1.49846
 0  1    18    9     1.59866
 0  1    18    10     1.48618
 0  1    18    11     1.21577
 0  1    18    12     0.904113
 0  1    18    13     1.08792
 0  1    18    14     1.10415
 0  1    18    15     1.96259
 0  1    18    16     0.917666
 0  1    18    17     1.15678
 0  1    18    18     1.16081
 0  1    18    19     1.89619
 0  1    18    20     1.19574
 0  1    18    21     1.22226
 0  1    18    22     1.25911
 0  1    18    23     1.10957
 0  1    18    24     1.03723
 0  1    18    25     1.31879
 0  1    18    26     1.20844
 0  1    18    27     1.15317
 0  1    18    28     1.26638
 0  1    18    29     1.16384
 0  1    18    30     1.24847
 0  1    18    31     1.11926
 0  1    19    0     1.22934
 0  1    19    1     1.16207
 0  1    19    2     1.16961
 0  1    19    3     1.26985
 0  1    19    4     1.35435
 0  1    19    5     1.08845
 0  1    19    6     1.12154
 0  1    19    7     1.51203
 0  1    19    8     1.07643
 0  1    19    9     1.08382
 0  1    19    10     1.0845
 0  1    19    11     1.72273
 0  1    19    12     1.90033
 0  1    19    13     1.33947
 0  1    19    14     1.15934
 0  1    19    15     2.13495
 0  1    19    16     2.07542
 0  1    19    17     1.23263
 0  1    19    18     1.34359
 0  1    19    19     1.77611
 0  1    19    20     1.28818
 0  1    19    21     1.11161
 0  1    19    22     1.6209
 0  1    19    23     1.09218
 0  1    19    24     1.22245
 0  1    19    25     1.21772
 0  1    19    26     1.1406
 0  1    19    27     1.43541
 0  1    19    28     1.2951
 0  1    19    29     1.34165
 0  1    19    30     1.16293
 0  1    19    31     1.33223
 0  1    20    0     1.61405
 0  1    20    1     1.05571
 0  1    20    2     1.39428
 0  1    20    3     1.43892
 0  1    20    4     1.42396
 0  1    20    5     1.35751
 0  1    20    6     1.94042
 0  1    20    7     1.78533
 0  1    20    8     1.48946
 0  1    20    9     1.54218
 0  1    20    10     1.84092
 0  1    20    11     2.06979
 0  1    20    12     1.497
 0  1    20    13     1.4745
 0  1    20    14     1.65572
 0  1    20    15     1.81057
 0  1    20    16     2.02792
 0  1    20    17     1.77409
 0  1    20    18     1.49392
 0  1    20    19     0.900901
 0  1    20    20     1.29027
 0  1    20    21     1.34119
 0  1    21    0     0.768123
 0  1    21    1     1.29946
 0  1    21    2     1.45994
 0  1    21    3     1.27858
 0  1    21    4     1.25232
 0  1    21    5     1.19469
 0  1    21    6     1.40801
 0  1    21    7     1.90671
 0  1    21    8     1.9704
 0  1    21    9     1.12204
 0  1    21    10     1.54796
 0  1    21    11     1.20726
 0  1    21    12     1.36211
 0  1    21    13     1.31721
 0  1    21    14     1.29176
 0  1    21    15     1.58191
 0  1    21    16     1.57167
 0  1    21    17     1.48691
 0  1    21    18     1.97244
 0  1    21    19     0.572461
 0  1    21    20     0.647244
 0  1    21    21     0.551395
 0  1    22    0     1.42656
 0  1    22    1     1.31986
 0  1    22    2     1.5454
 0  1    22    3     1.31281
 0  1    22    4     1.91266
 0  1    22    5     1.88045
 0  1    22    6     2.30782
 0  1    22    7     1.33233
 0  1    22    8     1.38436
 0  1    22    9     1.21942
 0  1    22    10     1.28514
 0  1    22    11     1.7707
 0  1    22    12     1.63789
 0  1    22    13     1.28498
 0  1    22    14     1.43308
 0  1    22    15     1.39069
 0  1    22    16     1.13872
 0  1    22    17     2.3863
 0  1    22    18     2.22825
 0  1    22    19     1.26693
 0  1    22    20     1.30942
 0  1    22    21     0.935025
 0  1    22    22     0.978948
 0  1    22    23     1.1973
 0  1    22    24     1.27482
 0  1    22    25     1.12659
 0  1    22    26     1.2719
 0  1    22    27     1.24881
 0  1    22    28     1.1941
 0  1    22    29     1.27596
 0  1    22    30     1.0597
 0  1    22    31     1.16986
 0  1    23    0     0.986374
 0  1    23    1     2.11835
 0  1    23    2     0.857146
 0  1    23    3     1.43544
 0  1    23    4     1.5454
 0  1    23    5     0.698974
 0  1    23    6     1.73659
 0  1    23    7     1.52342
 0  1    23    8     0.883714
 0  1    23    9     1.6629
 0  1    23    10     0.901882
 0  1    23    11     1.78328
 0  1    23    12     1.31188
 0  1    23    13     1.20841
 0  1    23    14     1.30372
 0  1    23    15     1.13376
 0  1    23    16     1.52582
 0  1    23    17     1.51206
 0  1    23    18     1.44886
 0  1    23    19     1.42183
 0  1    23    20     1.33712
 0  1    23    21     1.67325
 0  1    23    22     1.75682
 0  1    23    23     1.40147
 0  1    23    24     1.94564
 0  1    23    25     0.367088
 0  1    23    26     1.75847
 0  1    23    27     1.69457
 0  1    23    28     1.57789
 0  1    23    29     1.50864
 0  1    23    30     1.22387
 0  1    23    31     0.79251
