 0  0    0    0     1.19609
 0  0    0    1     1.20264
 0  0    0    2     1.17183
 0  0    0    3     1.15797
 0  0    0    4     1.36457
 0  0    0    5     1.25074
 0  0    0    6     1.38641
 0  0    0    7     1.28661
 0  0    0    8     1.50737
 0  0    0    9     1.27704
 0  0    0    10     1.18683
 0  0    0    11     1.3049
 0  0    0    12     1.00969
 0  0    0    13     1.35079
 0  0    0    14     1.15531
 0  0    0    15     1.19667
 0  0    0    16     1.10059
 0  0    0    17     1.33002
 0  0    0    18     1.3051
 0  0    0    19     1.2457
 0  0    0    20     1.27373
 0  0    0    21     1.88786
 0  0    0    22     1.63121
 0  0    0    23     1.33133
 0  0    0    24     1.32452
 0  0    0    25     1.58053
 0  0    0    26     1.81302
 0  0    0    27     1.19806
 0  0    0    28     1.70596
 0  0    0    29     1.28657
 0  0    0    30     1.26407
 0  0    0    31     1.29877
 0  0    1    0     1.33548
 0  0    1    1     1.48851
 0  0    1    2     1.25159
 0  0    1    3     0.830027
 0  0    1    4     1.23898
 0  0    1    5     1.38855
 0  0    1    6     1.20493
 0  0    1    7     1.00664
 0  0    1    8     1.2063
 0  0    1    9     1.17117
 0  0    1    10     1.00764
 0  0    1    11     1.06614
 0  0    1    12     1.26089
 0  0    1    13     1.48455
 0  0    1    14     1.6103
 0  0    1    15     1.2384
 0  0    1    16     1.56634
 0  0    1    17     1.55021
 0  0    1    18     1.49733
 0  0    1    19     1.2782
 0  0    1    20     1.17728
 0  0    1    21     1.01986
 0  0    1    22     0.998825
 0  0    1    23     1.15936
 0  0    1    24     1.06883
 0  0    1    25     1.01823
 0  0    1    26     1.02003
 0  0    1    27     1.17502
 0  0    1    28     1.18021
 0  0    1    29     0.944287
 0  0    1    30     0.938161
 0  0    1    31     1.38719
 0  0    2    0     0.846099
 0  0    2    1     0.96234
 0  0    2    2     1.21015
 0  0    2    3     1.72156
 0  0    2    4     0.944528
 0  0    2    5     0.995825
 0  0    2    6     1.07542
 0  0    2    7     0.954972
 0  0    2    8     1.13488
 0  0    2    9     1.23409
 0  0    2    10     1.00614
 0  0    2    11     1.37052
 0  0    2    12     1.31311
 0  0    2    13     1.23602
 0  0    2    14     1.18991
 0  0    2    15     1.27519
 0  0    2    16     1.20654
 0  0    2    17     1.15109
 0  0    2    18     1.21138
 0  0    2    19     1.10533
 0  0    2    20     1.0791
 0  0    2    21     1.31736
 0  0    2    22     1.26989
 0  0    2    23     1.28488
 0  0    2    24     1.10529
 0  0    2    25     1.28855
 0  0    2    26     1.16397
 0  0    2    27     1.23036
 0  0    2    28     1.24145
 0  0    2    29     1.53206
 0  0    2    30     1.43702
 0  0    2    31     0.970347
 0  0    3    0     1.88593
 0  0    3    1     1.07471
 0  0    3    2     1.11381
 0  0    3    3     1.14127
 0  0    3    4     1.07612
 0  0    3    5     0.976513
 0  0    3    6     1.04826
 0  0    3    7     1.19078
 0  0    3    8     1.1259
 0  0    3    9     0.988932
 0  0    3    10     1.01659
 0  0    3    11     1.06796
 0  0    3    12     1.10274
 0  0    3    13     1.36371
 0  0    3    14     1.21408
 0  0    3    15     1.64336
 0  0    3    16     1.23178
 0  0    3    17     1.15715
 0  0    3    18     1.4563
 0  0    3    19     1.54373
 0  0    3    20     1.22764
 0  0    3    21     1.12003
 0  0    3    22     1.14689
 0  0    3    23     1.30863
 0  0    3    24     1.34255
 0  0    3    25     1.16014
 0  0    3    26     1.09627
 0  0    3    27     1.68411
 0  0    3    28     0.948972
 0  0    3    29     1.54733
 0  0    3    30     1.38982
 0  0    3    31     1.01417
 0  0    4    0     1.09233
 0  0    4    1     1.33663
 0  0    4    2     1.36418
 0  0    4    3     0.797978
 0  0    4    4     1.24315
 0  0    4    5     1.30652
 0  0    4    6     1.3063
 0  0    4    7     1.40264
 0  0    4    8     1.12087
 0  0    4    9     1.1931
 0  0    4    10     1.46348
 0  0    4    11     1.30887
 0  0    4    12     1.57603
 0  0    4    13     1.24147
 0  0    4    14     1.28008
 0  0    4    15     1.29425
 0  0    4    16     1.46784
 0  0    4    17     1.20316
 0  0    4    18     1.28053
 0  0    4    19     1.10573
 0  0    4    20     1.29278
 0  0    4    21     1.57136
 0  0    4    22     1.2922
 0  0    4    23     1.33422
 0  0    4    24     1.34436
 0  0    4    25     1.27364
 0  0    4    26     1.51076
 0  0    4    27     1.37243
 0  0    4    28     0.971141
 0  0    4    29     1.16672
 0  0    4    30     1.16819
 0  0    4    31     1.39999
 0  0    5    0     1.55291
 0  0    5    1     1.22479
 0  0    5    2     1.24307
 0  0    5    3     1.06954
 0  0    5    4     1.2311
 0  0    5    5     0.919459
 0  0    5    6     1.15098
 0  0    5    7     1.2179
 0  0    5    8     1.13326
 0  0    5    9     1.15186
 0  0    5    10     1.12754
 0  0    5    11     1.13544
 0  0    5    12     1.19476
 0  0    5    13     1.03913
 0  0    5    14     1.03685
 0  0    5    15     1.5697
 0  0    5    16     1.30717
 0  0    5    17     1.63232
 0  0    5    18     1.08066
 0  0    5    19     1.5208
 0  0    5    20     1.67268
 0  0    5    21     1.74753
 0  0    5    22     1.24975
 0  0    5    23     1.07904
 0  0    5    24     1.71964
 0  0    5    25     1.72781
 0  0    5    26     1.05119
 0  0    5    27     1.07758
 0  0    5    28     1.11427
 0  0    5    29     1.88608
 0  0    5    30     1.65773
 0  0    5    31     1.10236
 0  0    6    0     1.21655
 0  0    6    1     1.03696
 0  0    6    2     0.869757
 0  0    6    3     1.3379
 0  0    6    4     1.39167
 0  0    6    5     1.33827
 0  0    6    6     1.57017
 0  0    6    7     1.11991
 0  0    6    8     1.35704
 0  0    6    9     1.35296
 0  0    6    10     1.55013
 0  0    6    11     0.972119
 0  0    6    12     1.85902
 0  0    6    13     1.18261
 0  0    6    14     1.25577
 0  0    6    15     0.977862
 0  0    6    16     1.88512
 0  0    6    17     1.29366
 0  0    6    18     1.19656
 0  0    6    19     0.934471
 0  0    6    20     1.05626
 0  0    6    21     1.37893
 0  0    6    22     1.07003
 0  0    6    23     0.942443
 0  0    6    24     1.12097
 0  0    6    25     1.08054
 0  0    6    26     0.997732
 0  0    6    27     0.983357
 0  0    6    28     1.46555
 0  0    6    29     1.66763
 0  0    6    30     1.16153
 0  0    6    31     1.48949
 0  0    7    0     1.19961
 0  0    7    1     1.33795
 0  0    7    2     1.24357
 0  0    7    3     0.955825
 0  0    7    4     1.1075
 0  0    7    5     1.18915
 0  0    7    6     1.08898
 0  0    7    7     1.26187
 0  0    7    8     1.00835
 0  0    7    9     1.06661
 0  0    7    10     1.13777
 0  0    7    11     1.18529
 0  0    7    12     1.01101
 0  0    7    13     1.26495
 0  0    7    14     0.989231
 0  0    7    15     1.05442
 0  0    7    16     0.909814
 0  0    7    17     0.967596
 0  0    7    18     1.01459
 0  0    7    19     0.981827
 0  0    7    20     0.956357
 0  0    7    21     1.15945
 0  0    7    22     1.06846
 0  0    7    23     1.15769
 0  0    7    24     1.01957
 0  0    7    25     1.0877
 0  0    7    26     0.926795
 0  0    7    27     1.15066
 0  0    7    28     1.28816
 0  0    7    29     1.23479
 0  0    7    30     1.03731
 0  0    7    31     1.11951
 0  0    8    0     0.977123
 0  0    8    1     1.47636
 0  0    8    2     1.32812
 0  0    8    3     0.952257
 0  0    8    4     1.48183
 0  0    8    5     1.34802
 0  0    8    6     1.36802
 0  0    8    7     1.23502
 0  0    8    8     1.19939
 0  0    8    9     1.17584
 0  0    8    10     1.21278
 0  0    8    11     1.30614
 0  0    8    12     0.991732
 0  0    8    13     1.26189
 0  0    8    14     1.19359
 0  0    8    15     1.87371
 0  0    8    16     0.946194
 0  0    8    17     1.3849
 0  0    8    18     1.23909
 0  0    8    19     1.28937
 0  0    8    20     1.30872
 0  0    8    21     1.22682
 0  0    8    22     1.24116
 0  0    8    23     1.1965
 0  0    8    24     1.23136
 0  0    8    25     1.17252
 0  0    8    26     1.39225
 0  0    8    27     1.22374
 0  0    8    28     1.09976
 0  0    8    29     0.913777
 0  0    8    30     1.14537
 0  0    8    31     1.59829
 0  0    9    0     0.963927
 0  0    9    1     1.13564
 0  0    9    2     1.14013
 0  0    9    3     1.67548
 0  0    9    4     1.27007
 0  0    9    5     1.45222
 0  0    9    6     1.50613
 0  0    9    7     1.40402
 0  0    9    8     1.24674
 0  0    9    9     1.50876
 0  0    9    10     1.40524
 0  0    9    11     1.25801
 0  0    9    12     1.26987
 0  0    9    13     1.75249
 0  0    9    14     1.47764
 0  0    9    15     1.26659
 0  0    9    16     1.4115
 0  0    9    17     1.57746
 0  0    9    18     1.2653
 0  0    9    19     1.20939
 0  0    9    20     1.21327
 0  0    9    21     1.43267
 0  0    9    22     1.20271
 0  0    9    23     0.988246
 0  0    9    24     1.12222
 0  0    9    25     1.27337
 0  0    9    26     1.20349
 0  0    9    27     1.23179
 0  0    9    28     1.05405
 0  0    9    29     1.19995
 0  0    9    30     1.37859
 0  0    9    31     1.26096
 0  0    10    0     1.11311
 0  0    10    1     1.87045
 0  0    10    2     1.50545
 0  0    10    3     0.876933
 0  0    10    4     1.23544
 0  0    10    5     1.5629
 0  0    10    6     1.39033
 0  0    10    7     0.909366
 0  0    10    8     1.26534
 0  0    10    9     1.2949
 0  0    10    10     1.27411
 0  0    10    11     1.47768
 0  0    10    12     0.910206
 0  0    10    13     1.2541
 0  0    10    14     1.21056
 0  0    10    15     1.32557
 0  0    10    16     1.07664
 0  0    10    17     1.25437
 0  0    10    18     1.17974
 0  0    10    19     1.33142
 0  0    10    20     0.95155
 0  0    10    21     1.18527
 0  0    10    22     1.28034
 0  0    10    23     1.30892
 0  0    10    24     1.27323
 0  0    10    25     1.24716
 0  0    10    26     1.14378
 0  0    10    27     1.29512
 0  0    10    28     1.24841
 0  0    10    29     1.27615
 0  0    10    30     1.13271
 0  0    10    31     1.25864
 0  0    11    0     1.53838
 0  0    11    1     1.67664
 0  0    11    2     1.21335
 0  0    11    3     1.4015
 0  0    11    4     1.38092
 0  0    11    5     1.78197
 0  0    11    6     1.23491
 0  0    11    7     0.792389
 0  0    11    8     1.37653
 0  0    11    9     1.69505
 0  0    11    10     1.1409
 0  0    11    11     1.06092
 0  0    11    12     1.54795
 0  0    11    13     1.13909
 0  0    11    14     1.09298
 0  0    11    15     0.814725
 0  0    11    16     1.54
 0  0    11    17     1.19757
 0  0    11    18     1.08309
 0  0    11    19     0.798924
 0  0    11    20     0.819292
 0  0    11    21     0.95662
 0  0    11    22     1.29767
 0  0    11    23     1.44538
 0  0    11    24     1.39443
 0  0    11    25     1.06571
 0  0    11    26     1.05035
 0  0    11    27     1.32475
 0  0    11    28     1.27753
 0  0    11    29     1.25941
 0  0    11    30     1.18896
 0  0    11    31     1.22786
 0  0    12    0     1.38843
 0  0    12    1     1.10803
 0  0    12    2     0.994379
 0  0    12    3     1.19938
 0  0    12    4     0.907987
 0  0    12    5     1.27679
 0  0    12    6     1.42293
 0  0    12    7     1.62281
 0  0    12    8     1.05096
 0  0    12    9     1.52239
 0  0    12    10     1.46776
 0  0    12    11     1.59373
 0  0    12    12     0.835748
 0  0    12    13     1.38347
 0  0    12    14     1.66444
 0  0    12    15     2.00666
 0  0    12    16     0.842234
 0  0    12    17     1.80685
 0  0    12    18     1.68768
 0  0    12    19     1.90478
 0  0    12    20     1.57221
 0  0    12    21     1.26815
 0  0    12    22     1.97287
 0  0    12    23     1.21482
 0  0    12    24     1.31001
 0  0    12    25     1.35321
 0  0    12    26     1.39258
 0  0    12    27     1.1181
 0  0    12    28     1.01714
 0  0    12    29     1.35553
 0  0    12    30     1.28615
 0  0    12    31     1.00212
 0  0    13    0     1.06359
 0  0    13    1     0.920142
 0  0    13    2     1.2199
 0  0    13    3     1.86752
 0  0    13    4     1.56373
 0  0    13    5     1.24264
 0  0    13    6     1.30766
 0  0    13    7     1.33182
 0  0    13    8     1.37139
 0  0    13    9     1.27078
 0  0    13    10     1.31029
 0  0    13    11     1.34932
 0  0    13    12     1.55268
 0  0    13    13     1.25879
 0  0    13    14     1.32742
 0  0    13    15     1.30352
 0  0    13    16     1.18018
 0  0    13    17     1.14481
 0  0    13    18     1.17868
 0  0    13    19     1.41958
 0  0    13    20     0.956484
 0  0    13    21     1.36282
 0  0    13    22     1.41601
 0  0    13    23     1.32978
 0  0    13    24     0.9182
 0  0    13    25     1.3259
 0  0    13    26     1.07247
 0  0    13    27     1.23671
 0  0    13    28     0.931213
 0  0    13    29     1.56742
 0  0    13    30     1.10575
 0  0    13    31     1.52643
 0  0    14    0     1.13924
 0  0    14    1     1.31371
 0  0    14    2     1.44863
 0  0    14    3     1.72989
 0  0    14    4     1.452
 0  0    14    5     1.30249
 0  0    14    6     1.25178
 0  0    14    7     1.44846
 0  0    14    8     1.33661
 0  0    14    9     1.28677
 0  0    14    10     1.52072
 0  0    14    11     0.896243
 0  0    14    12     1.42294
 0  0    14    13     1.49171
 0  0    14    14     0.833342
 0  0    14    15     0.72613
 0  0    14    16     1.24161
 0  0    14    17     1.40754
 0  0    14    18     1.5656
 0  0    14    19     0.808511
 0  0    14    20     1.16159
 0  0    14    21     2.00332
 0  0    14    22     1.88438
 0  0    14    23     1.1262
 0  0    14    24     1.35938
 0  0    14    25     2.03799
 0  0    14    26     1.66387
 0  0    14    27     1.53979
 0  0    14    28     1.28909
 0  0    14    29     1.59299
 0  0    14    30     0.983299
 0  0    14    31     0.585479
 0  0    15    0     1.1734
 0  0    15    1     1.20038
 0  0    15    2     1.33541
 0  0    15    3     1.19619
 0  0    15    4     0.898159
 0  0    15    5     1.49878
 0  0    15    6     1.43827
 0  0    15    7     1.35612
 0  0    15    8     1.01766
 0  0    15    9     1.66176
 0  0    15    10     1.30724
 0  0    15    11     1.27036
 0  0    15    12     0.961748
 0  0    15    13     1.36854
 0  0    15    14     1.15628
 0  0    15    15     1.58619
 0  0    15    16     0.885795
 0  0    15    17     1.3585
 0  0    15    18     1.09503
 0  0    15    19     1.61645
 0  0    15    20     0.821407
 0  0    15    21     1.12854
 0  0    15    22     1.02978
 0  0    15    23     1.24561
 0  0    15    24     0.915145
 0  0    15    25     1.16205
 0  0    15    26     1.04599
 0  0    15    27     0.924328
 0  0    15    28     1.23172
 0  0    15    29     1.0925
 0  0    15    30     1.01046
 0  0    15    31     0.964101
 0  0    16    0     1.25373
 0  0    16    1     1.34539
 0  0    16    2     1.26559
 0  0    16    3     1.14927
 0  0    16    4     1.24671
 0  0    16    5     1.0719
 0  0    16    6     1.0533
 0  0    16    7     1.24484
 0  0    16    8     1.22388
 0  0    16    9     1.00244
 0  0    16    10     1.05573
 0  0    16    11     1.35404
 0  0    16    12     1.53694
 0  0    16    13     1.44069
 0  0    16    14     1.14118
 0  0    16    15     1.68249
 0  0    16    16     1.4479
 0  0    16    17     1.36847
 0  0    16    18     1.32343
 0  0    16    19     1.21042
 0  0    16    20     0.969385
 0  0    16    21     1.14362
 0  0    16    22     1.04855
 0  0    16    23     1.28039
 0  0    16    24     0.912304
 0  0    16    25     1.0998
 0  0    16    26     0.938432
 0  0    16    27     1.32975
 0  0    16    28     1.16273
 0  0    16    29     0.856563
 0  0    16    30     1.03872
 0  0    16    31     0.84708
 0  0    17    0     1.05412
 0  0    17    1     1.18117
 0  0    17    2     1.32248
 0  0    17    3     1.08194
 0  0    17    4     1.56395
 0  0    17    5     1.51185
 0  0    17    6     1.45846
 0  0    17    7     1.31626
 0  0    17    8     1.50886
 0  0    17    9     1.47883
 0  0    17    10     1.50507
 0  0    17    11     1.52761
 0  0    17    12     1.59293
 0  0    17    13     1.30848
 0  0    17    14     1.36022
 0  0    17    15     1.07705
 0  0    17    16     1.32065
 0  0    17    17     1.28257
 0  0    17    18     1.14337
 0  0    17    19     0.991583
 0  0    17    20     1.17819
 0  0    17    21     1.06497
 0  0    17    22     1.02248
 0  0    17    23     1.1472
 0  0    17    24     1.1242
 0  0    17    25     1.3382
 0  0    17    26     1.12775
 0  0    17    27     1.25277
 0  0    17    28     0.816591
 0  0    17    29     1.1666
 0  0    17    30     1.10507
 0  0    17    31     1.04508
 0  0    18    0     1.01215
 0  0    18    1     1.20635
 0  0    18    2     1.47807
 0  0    18    3     1.38471
 0  0    18    4     1.16774
 0  0    18    5     1.31687
 0  0    18    6     1.20975
 0  0    18    7     1.32631
 0  0    18    8     1.28699
 0  0    18    9     1.22326
 0  0    18    10     1.15119
 0  0    18    11     1.20795
 0  0    18    12     1.02713
 0  0    18    13     1.55373
 0  0    18    14     1.49235
 0  0    18    15     1.40162
 0  0    18    16     0.996841
 0  0    18    17     1.48635
 0  0    18    18     1.37662
 0  0    18    19     1.16675
 0  0    18    20     1.07604
 0  0    18    21     1.04895
 0  0    18    22     1.33738
 0  0    18    23     0.960903
 0  0    18    24     1.09091
 0  0    18    25     0.954968
 0  0    18    26     1.08583
 0  0    18    27     0.992735
 0  0    18    28     1.06285
 0  0    18    29     1.30856
 0  0    18    30     1.15873
 0  0    18    31     1.08873
 0  0    19    0     1.24315
 0  0    19    1     1.28868
 0  0    19    2     1.20694
 0  0    19    3     2.35965
 0  0    19    4     1.17447
 0  0    19    5     1.33811
 0  0    19    6     0.909485
 0  0    19    7     0.761045
 0  0    19    8     1.20618
 0  0    19    9     1.20431
 0  0    19    10     1.2282
 0  0    19    11     1.37306
 0  0    19    12     1.22357
 0  0    19    13     1.8772
 0  0    19    14     1.47823
 0  0    19    15     2.81083
 0  0    19    16     1.12892
 0  0    19    17     1.06236
 0  0    19    18     0.98234
 0  0    19    19     2.67761
 0  0    19    20     1.0046
 0  0    19    21     1.73984
 0  0    19    22     1.29324
 0  0    19    23     1.31171
 0  0    19    24     1.06521
 0  0    19    25     1.46324
 0  0    19    26     1.15521
 0  0    19    27     1.16602
 0  0    19    28     1.18185
 0  0    19    29     1.22616
 0  0    19    30     1.57943
 0  0    19    31     1.22209
 0  0    20    0     1.60094
 0  0    20    1     1.31806
 0  0    20    2     0.279907
 0  0    20    3     1.42525
 0  0    20    4     1.0632
 0  0    20    5     1.59071
 0  0    20    6     1.55514
 0  0    20    7     2.55425
 0  0    20    8     1.43365
 0  0    20    9     1.05603
 0  0    20    10     1.66067
 0  0    20    11     1.59676
 0  0    20    12     1.2197
 0  0    20    13     1.30657
 0  0    20    14     1.76079
 0  0    20    15     1.60991
 0  0    20    16     1.19264
 0  0    20    17     1.63161
 0  0    20    18     0.765311
 0  0    20    19     1.72762
 0  0    20    20     1.33966
 0  0    20    21     0.803178
 0  0    21    0     0.218733
 0  0    21    1     1.4468
 0  0    21    2     1.11337
 0  0    21    3     0.263743
 0  0    21    4     1.25115
 0  0    21    5     0.755851
 0  0    21    6     1.12431
 0  0    21    7     0.729855
 0  0    21    8     1.22556
 0  0    21    9     1.19241
 0  0    21    10     1.02128
 0  0    21    11     0.425094
 0  0    21    12     0.97887
 0  0    21    13     0.860791
 0  0    21    14     0.45975
 0  0    21    15     1.79453
 0  0    21    16     1.06507
 0  0    21    17     0.580343
 0  0    21    18     0.440686
 0  0    21    19     0.975685
 0  0    21    20     0.864314
 0  0    21    21     0.446503
 0  0    22    0     0.220893
 0  0    22    1     0.259055
 0  0    22    2     1.79705
 0  0    22    3     1.0727
 0  0    22    4     1.11997
 0  0    22    5     1.47419
 0  0    22    6     1.38518
 0  0    22    7     1.88302
 0  0    22    8     1.74861
 0  0    22    9     1.5788
 0  0    22    10     1.46173
 0  0    22    11     1.4941
 0  0    22    12     1.09509
 0  0    22    13     1.36795
 0  0    22    14     1.4121
 0  0    22    15     1.17438
 0  0    22    16     1.07948
 0  0    22    17     1.15783
 0  0    22    18     1.39814
 0  0    22    19     1.20275
 0  0    22    20     1.29666
 0  0    22    21     1.16475
 0  0    22    22     1.42533
 0  0    22    23     1.42787
 0  0    22    24     1.5656
 0  0    22    25     1.19436
 0  0    22    26     1.31098
 0  0    22    27     1.02066
 0  0    22    28     1.2345
 0  0    22    29     0.902615
 0  0    22    30     0.549853
 0  0    22    31     1.20702
 0  0    23    0     5.10144
 0  0    23    1     1.39045
 0  0    23    2     1.56801
 0  0    23    3     0.864744
 0  0    23    4     1.46151
 0  0    23    5     1.47666
 0  0    23    6     0.974015
 0  0    23    7     0.645317
 0  0    23    8     0.288916
 0  0    23    9     1.65879
 0  0    23    10     1.67333
 0  0    23    11     0.268434
 0  0    23    12     0.387394
 0  0    23    13     0.342415
 0  0    23    14     0.33646
 0  0    23    15     0.193457
 0  0    23    16     0.293544
 0  0    23    17     0.250152
 0  0    23    18     0.17709
 0  0    23    19     0.28523
 0  0    23    20     0.125525
 0  0    23    21     0.243938
 0  0    23    22     0.445168
 0  0    23    23     0.235746
 0  0    23    24     0.457386
 0  0    23    25     0.507299
 0  0    23    26     0.696757
 0  0    23    27     1.14502
 0  0    23    28     0.29575
 0  0    23    29     0.339192
 0  0    23    30     0.354063
 0  0    23    31     0.403762
 0  1    0    0     1.4297
 0  1    0    1     1.34604
 0  1    0    2     1.26529
 0  1    0    3     1.24903
 0  1    0    4     1.22247
 0  1    0    5     1.3429
 0  1    0    6     1.27326
 0  1    0    7     1.13902
 0  1    0    8     1.2731
 0  1    0    9     1.3994
 0  1    0    10     1.48345
 0  1    0    11     1.24892
 0  1    0    12     1.3735
 0  1    0    13     1.36982
 0  1    0    14     1.09349
 0  1    0    15     1.11626
 0  1    0    16     1.29221
 0  1    0    17     1.42004
 0  1    0    18     1.38482
 0  1    0    19     1.39832
 0  1    0    20     1.79106
 0  1    0    21     1.25134
 0  1    0    22     1.40632
 0  1    0    23     1.27715
 0  1    0    24     2.07338
 0  1    0    25     1.22642
 0  1    0    26     1.46634
 0  1    0    27     1.38703
 0  1    0    28     1.20791
 0  1    0    29     1.21352
 0  1    0    30     1.14672
 0  1    0    31     1.26307
 0  1    1    0     1.24221
 0  1    1    1     1.45878
 0  1    1    2     1.39478
 0  1    1    3     1.21659
 0  1    1    4     1.07054
 0  1    1    5     1.09331
 0  1    1    6     1.06729
 0  1    1    7     1.65548
 0  1    1    8     1.04472
 0  1    1    9     1.01182
 0  1    1    10     1.01484
 0  1    1    11     1.31593
 0  1    1    12     1.34549
 0  1    1    13     1.05153
 0  1    1    14     1.02098
 0  1    1    15     1.09154
 0  1    1    16     1.3813
 0  1    1    17     1.08039
 0  1    1    18     1.02514
 0  1    1    19     1.13456
 0  1    1    20     1.40793
 0  1    1    21     1.37928
 0  1    1    22     1.24052
 0  1    1    23     1.17328
 0  1    1    24     1.16095
 0  1    1    25     1.37977
 0  1    1    26     1.46425
 0  1    1    27     1.17711
 0  1    1    28     1.17319
 0  1    1    29     1.32592
 0  1    1    30     1.44777
 0  1    1    31     1.2415
 0  1    2    0     1.36103
 0  1    2    1     1.6477
 0  1    2    2     1.74578
 0  1    2    3     1.31334
 0  1    2    4     1.45616
 0  1    2    5     1.31889
 0  1    2    6     1.4604
 0  1    2    7     1.32914
 0  1    2    8     1.56514
 0  1    2    9     1.55254
 0  1    2    10     1.52038
 0  1    2    11     1.32658
 0  1    2    12     1.15998
 0  1    2    13     1.47555
 0  1    2    14     1.36736
 0  1    2    15     1.11034
 0  1    2    16     1.15109
 0  1    2    17     1.51781
 0  1    2    18     1.57958
 0  1    2    19     1.11184
 0  1    2    20     1.2015
 0  1    2    21     1.70317
 0  1    2    22     1.5072
 0  1    2    23     1.74863
 0  1    2    24     1.15699
 0  1    2    25     1.73967
 0  1    2    26     1.73412
 0  1    2    27     1.84687
 0  1    2    28     1.14341
 0  1    2    29     1.23593
 0  1    2    30     1.73666
 0  1    2    31     1.72176
 0  1    3    0     1.25135
 0  1    3    1     1.57459
 0  1    3    2     1.52215
 0  1    3    3     1.67305
 0  1    3    4     1.43122
 0  1    3    5     1.33117
 0  1    3    6     1.49141
 0  1    3    7     1.607
 0  1    3    8     1.2401
 0  1    3    9     1.43733
 0  1    3    10     1.31459
 0  1    3    11     1.53629
 0  1    3    12     1.09595
 0  1    3    13     0.980361
 0  1    3    14     1.26649
 0  1    3    15     1.09501
 0  1    3    16     1.16107
 0  1    3    17     0.982003
 0  1    3    18     0.99711
 0  1    3    19     1.10525
 0  1    3    20     1.75992
 0  1    3    21     1.22009
 0  1    3    22     1.18869
 0  1    3    23     1.21801
 0  1    3    24     1.42628
 0  1    3    25     1.39904
 0  1    3    26     1.36512
 0  1    3    27     1.44887
 0  1    3    28     1.50434
 0  1    3    29     1.48256
 0  1    3    30     1.53458
 0  1    3    31     0.937145
 0  1    4    0     1.59305
 0  1    4    1     1.58649
 0  1    4    2     1.65371
 0  1    4    3     1.59946
 0  1    4    4     1.5635
 0  1    4    5     0.923889
 0  1    4    6     1.36684
 0  1    4    7     1.504
 0  1    4    8     1.5223
 0  1    4    9     1.38043
 0  1    4    10     1.48932
 0  1    4    11     1.71074
 0  1    4    12     1.25259
 0  1    4    13     1.29883
 0  1    4    14     1.23279
 0  1    4    15     1.83318
 0  1    4    16     1.09063
 0  1    4    17     1.26137
 0  1    4    18     1.31932
 0  1    4    19     1.88575
 0  1    4    20     1.32642
 0  1    4    21     1.62862
 0  1    4    22     0.926674
 0  1    4    23     1.72413
 0  1    4    24     1.36891
 0  1    4    25     1.76803
 0  1    4    26     1.45205
 0  1    4    27     1.57219
 0  1    4    28     1.22144
 0  1    4    29     1.4304
 0  1    4    30     1.39825
 0  1    4    31     1.10212
 0  1    5    0     1.13646
 0  1    5    1     1.23778
 0  1    5    2     1.29946
 0  1    5    3     1.26321
 0  1    5    4     1.00566
 0  1    5    5     1.08807
 0  1    5    6     1.25062
 0  1    5    7     0.936553
 0  1    5    8     1.11225
 0  1    5    9     1.27557
 0  1    5    10     1.04717
 0  1    5    11     1.12031
 0  1    5    12     1.64738
 0  1    5    13     1.13035
 0  1    5    14     1.11107
 0  1    5    15     1.16106
 0  1    5    16     1.56612
 0  1    5    17     1.28178
 0  1    5    18     1.12383
 0  1    5    19     1.06756
 0  1    5    20     1.03254
 0  1    5    21     1.25855
 0  1    5    22     1.24337
 0  1    5    23     1.03526
 0  1    5    24     1.09032
 0  1    5    25     1.40701
 0  1    5    26     1.23653
 0  1    5    27     1.29081
 0  1    5    28     1.11054
 0  1    5    29     1.03073
 0  1    5    30     1.07111
 0  1    5    31     1.06434
 0  1    6    0     1.19631
 0  1    6    1     1.26551
 0  1    6    2     1.3721
 0  1    6    3     1.20499
 0  1    6    4     0.991776
 0  1    6    5     1.09489
 0  1    6    6     1.02549
 0  1    6    7     1.01649
 0  1    6    8     0.920642
 0  1    6    9     1.1828
 0  1    6    10     1.02992
 0  1    6    11     1.10565
 0  1    6    12     1.17378
 0  1    6    13     1.15743
 0  1    6    14     1.1311
 0  1    6    15     1.33706
 0  1    6    16     1.03453
 0  1    6    17     1.26006
 0  1    6    18     1.17677
 0  1    6    19     1.2964
 0  1    6    20     1.06839
 0  1    6    21     1.29575
 0  1    6    22     1.4258
 0  1    6    23     1.21305
 0  1    6    24     1.09664
 0  1    6    25     1.5516
 0  1    6    26     1.36352
 0  1    6    27     1.25757
 0  1    6    28     1.04598
 0  1    6    29     1.10654
 0  1    6    30     1.14541
 0  1    6    31     1.22149
 0  1    7    0     1.06933
 0  1    7    1     1.23348
 0  1    7    2     1.5284
 0  1    7    3     2.27729
 0  1    7    4     1.22723
 0  1    7    5     1.48399
 0  1    7    6     1.75162
 0  1    7    7     1.35468
 0  1    7    8     1.26178
 0  1    7    9     1.50131
 0  1    7    10     1.60307
 0  1    7    11     1.29664
 0  1    7    12     1.22498
 0  1    7    13     1.51714
 0  1    7    14     1.80011
 0  1    7    15     1.70383
 0  1    7    16     1.26902
 0  1    7    17     1.48264
 0  1    7    18     1.73866
 0  1    7    19     1.41525
 0  1    7    20     1.16636
 0  1    7    21     1.29568
 0  1    7    22     1.28124
 0  1    7    23     1.21761
 0  1    7    24     1.35065
 0  1    7    25     1.30821
 0  1    7    26     1.45719
 0  1    7    27     1.2569
 0  1    7    28     1.18988
 0  1    7    29     1.63439
 0  1    7    30     1.43946
 0  1    7    31     1.23415
 0  1    8    0     1.51383
 0  1    8    1     1.53911
 0  1    8    2     1.43351
 0  1    8    3     0.959774
 0  1    8    4     1.21301
 0  1    8    5     0.965825
 0  1    8    6     0.940512
 0  1    8    7     1.36122
 0  1    8    8     1.37773
 0  1    8    9     1.2604
 0  1    8    10     1.21187
 0  1    8    11     1.53815
 0  1    8    12     1.27616
 0  1    8    13     1.58792
 0  1    8    14     1.61894
 0  1    8    15     1.23361
 0  1    8    16     1.36
 0  1    8    17     1.67334
 0  1    8    18     1.49555
 0  1    8    19     1.49801
 0  1    8    20     1.23359
 0  1    8    21     1.52631
 0  1    8    22     1.28102
 0  1    8    23     1.71336
 0  1    8    24     1.05908
 0  1    8    25     1.72549
 0  1    8    26     1.69867
 0  1    8    27     1.67304
 0  1    8    28     1.11529
 0  1    8    29     1.34368
 0  1    8    30     1.28622
 0  1    8    31     1.4337
 0  1    9    0     0.989958
 0  1    9    1     1.45401
 0  1    9    2     1.33351
 0  1    9    3     1.29478
 0  1    9    4     1.63517
 0  1    9    5     1.53809
 0  1    9    6     1.31742
 0  1    9    7     1.53272
 0  1    9    8     1.60749
 0  1    9    9     1.56014
 0  1    9    10     1.41114
 0  1    9    11     1.74709
 0  1    9    12     1.3518
 0  1    9    13     1.78965
 0  1    9    14     1.77818
 0  1    9    15     1.27776
 0  1    9    16     1.24246
 0  1    9    17     1.72153
 0  1    9    18     1.63738
 0  1    9    19     1.16913
 0  1    9    20     1.65456
 0  1    9    21     1.22491
 0  1    9    22     1.25069
 0  1    9    23     0.966885
 0  1    9    24     1.7744
 0  1    9    25     1.39411
 0  1    9    26     1.36887
 0  1    9    27     0.921263
 0  1    9    28     1.68476
 0  1    9    29     1.04366
 0  1    9    30     0.994613
 0  1    9    31     0.979099
 0  1    10    0     1.1686
 0  1    10    1     1.17801
 0  1    10    2     1.10064
 0  1    10    3     0.94326
 0  1    10    4     1.72243
 0  1    10    5     1.22908
 0  1    10    6     1.46046
 0  1    10    7     1.46659
 0  1    10    8     1.83109
 0  1    10    9     1.0425
 0  1    10    10     1.1611
 0  1    10    11     1.541
 0  1    10    12     1.08692
 0  1    10    13     1.09986
 0  1    10    14     1.08202
 0  1    10    15     1.15478
 0  1    10    16     1.0552
 0  1    10    17     1.13209
 0  1    10    18     1.02727
 0  1    10    19     1.09629
 0  1    10    20     0.886552
 0  1    10    21     1.38912
 0  1    10    22     1.57404
 0  1    10    23     0.902694
 0  1    10    24     0.904357
 0  1    10    25     1.37537
 0  1    10    26     1.30065
 0  1    10    27     1.0133
 0  1    10    28     1.11247
 0  1    10    29     1.15484
 0  1    10    30     0.915303
 0  1    10    31     1.01681
 0  1    11    0     0.948572
 0  1    11    1     1.12834
 0  1    11    2     1.07593
 0  1    11    3     1.17813
 0  1    11    4     1.54085
 0  1    11    5     1.44598
 0  1    11    6     1.59136
 0  1    11    7     1.32876
 0  1    11    8     1.29521
 0  1    11    9     1.30003
 0  1    11    10     1.36174
 0  1    11    11     1.35277
 0  1    11    12     1.09937
 0  1    11    13     1.20881
 0  1    11    14     1.13408
 0  1    11    15     1.18271
 0  1    11    16     1.11662
 0  1    11    17     1.05004
 0  1    11    18     1.18441
 0  1    11    19     1.26844
 0  1    11    20     1.03183
 0  1    11    21     1.11754
 0  1    11    22     1.11856
 0  1    11    23     1.10934
 0  1    11    24     0.83727
 0  1    11    25     1.05097
 0  1    11    26     1.09885
 0  1    11    27     1.34931
 0  1    11    28     1.01083
 0  1    11    29     1.14414
 0  1    11    30     0.98961
 0  1    11    31     1.02608
 0  1    12    0     1.17155
 0  1    12    1     1.50577
 0  1    12    2     1.67272
 0  1    12    3     1.22772
 0  1    12    4     1.27479
 0  1    12    5     1.10857
 0  1    12    6     1.18085
 0  1    12    7     0.969749
 0  1    12    8     1.37623
 0  1    12    9     1.08058
 0  1    12    10     1.28124
 0  1    12    11     0.975026
 0  1    12    12     1.27858
 0  1    12    13     1.29192
 0  1    12    14     1.28349
 0  1    12    15     1.20598
 0  1    12    16     1.19003
 0  1    12    17     1.31289
 0  1    12    18     1.20559
 0  1    12    19     1.15617
 0  1    12    20     0.997976
 0  1    12    21     1.13003
 0  1    12    22     1.03991
 0  1    12    23     1.04645
 0  1    12    24     1.28387
 0  1    12    25     1.09761
 0  1    12    26     0.992208
 0  1    12    27     1.17464
 0  1    12    28     0.88123
 0  1    12    29     0.893783
 0  1    12    30     1.12331
 0  1    12    31     0.882104
 0  1    13    0     1.25807
 0  1    13    1     1.2561
 0  1    13    2     1.2329
 0  1    13    3     1.50426
 0  1    13    4     1.13462
 0  1    13    5     1.32893
 0  1    13    6     1.33349
 0  1    13    7     1.40449
 0  1    13    8     1.08352
 0  1    13    9     1.51157
 0  1    13    10     1.38851
 0  1    13    11     1.2729
 0  1    13    12     1.26084
 0  1    13    13     1.02852
 0  1    13    14     1.07191
 0  1    13    15     1.3331
 0  1    13    16     1.12686
 0  1    13    17     0.993581
 0  1    13    18     1.02501
 0  1    13    19     1.15454
 0  1    13    20     1.0364
 0  1    13    21     1.22525
 0  1    13    22     1.43577
 0  1    13    23     1.10146
 0  1    13    24     1.04464
 0  1    13    25     1.16065
 0  1    13    26     1.30304
 0  1    13    27     1.21856
 0  1    13    28     0.977504
 0  1    13    29     1.20624
 0  1    13    30     1.05992
 0  1    13    31     0.996179
 0  1    14    0     1.55991
 0  1    14    1     1.05998
 0  1    14    2     1.03121
 0  1    14    3     1.05634
 0  1    14    4     1.3582
 0  1    14    5     1.29906
 0  1    14    6     1.50359
 0  1    14    7     1.43946
 0  1    14    8     1.28661
 0  1    14    9     1.35378
 0  1    14    10     1.74984
 0  1    14    11     1.32284
 0  1    14    12     1.18376
 0  1    14    13     1.05844
 0  1    14    14     1.05388
 0  1    14    15     1.23505
 0  1    14    16     1.03208
 0  1    14    17     1.07074
 0  1    14    18     1.33463
 0  1    14    19     1.20253
 0  1    14    20     1.00166
 0  1    14    21     1.02396
 0  1    14    22     1.03103
 0  1    14    23     1.55082
 0  1    14    24     1.26361
 0  1    14    25     1.15626
 0  1    14    26     1.10257
 0  1    14    27     1.70362
 0  1    14    28     0.968336
 0  1    14    29     1.11184
 0  1    14    30     1.15357
 0  1    14    31     1.55487
 0  1    15    0     0.989156
 0  1    15    1     1.09565
 0  1    15    2     0.95652
 0  1    15    3     0.9608
 0  1    15    4     1.16093
 0  1    15    5     1.43684
 0  1    15    6     1.26284
 0  1    15    7     1.11863
 0  1    15    8     1.12702
 0  1    15    9     1.378
 0  1    15    10     1.31818
 0  1    15    11     1.13802
 0  1    15    12     1.13058
 0  1    15    13     1.46449
 0  1    15    14     1.31408
 0  1    15    15     1.10941
 0  1    15    16     1.11496
 0  1    15    17     1.46757
 0  1    15    18     1.46889
 0  1    15    19     1.30442
 0  1    15    20     0.991875
 0  1    15    21     1.22598
 0  1    15    22     1.16021
 0  1    15    23     1.00615
 0  1    15    24     1.21639
 0  1    15    25     1.32392
 0  1    15    26     1.16702
 0  1    15    27     1.10466
 0  1    15    28     1.31869
 0  1    15    29     1.29918
 0  1    15    30     1.219
 0  1    15    31     1.15513
 0  1    16    0     0.866906
 0  1    16    1     1.16394
 0  1    16    2     0.981608
 0  1    16    3     0.944579
 0  1    16    4     1.38309
 0  1    16    5     1.10089
 0  1    16    6     1.15329
 0  1    16    7     1.11737
 0  1    16    8     1.16426
 0  1    16    9     1.18259
 0  1    16    10     1.1588
 0  1    16    11     1.12617
 0  1    16    12     1.091
 0  1    16    13     1.05498
 0  1    16    14     1.39528
 0  1    16    15     1.15058
 0  1    16    16     1.08469
 0  1    16    17     1.29059
 0  1    16    18     1.49661
 0  1    16    19     1.18093
 0  1    16    20     1.10286
 0  1    16    21     1.14164
 0  1    16    22     1.42623
 0  1    16    23     1.32595
 0  1    16    24     1.01679
 0  1    16    25     1.09281
 0  1    16    26     1.28115
 0  1    16    27     1.12363
 0  1    16    28     1.12152
 0  1    16    29     1.31422
 0  1    16    30     1.52692
 0  1    16    31     1.32115
 0  1    17    0     0.92539
 0  1    17    1     1.07134
 0  1    17    2     1.07911
 0  1    17    3     0.950248
 0  1    17    4     1.06008
 0  1    17    5     1.01576
 0  1    17    6     1.09578
 0  1    17    7     1.65146
 0  1    17    8     1.10081
 0  1    17    9     1.03112
 0  1    17    10     1.03087
 0  1    17    11     1.64142
 0  1    17    12     1.17783
 0  1    17    13     1.23243
 0  1    17    14     1.1145
 0  1    17    15     0.927658
 0  1    17    16     1.12217
 0  1    17    17     1.18351
 0  1    17    18     1.17633
 0  1    17    19     0.951624
 0  1    17    20     1.30627
 0  1    17    21     1.35228
 0  1    17    22     1.23431
 0  1    17    23     1.21673
 0  1    17    24     1.06436
 0  1    17    25     1.32035
 0  1    17    26     1.31194
 0  1    17    27     1.11224
 0  1    17    28     1.36383
 0  1    17    29     1.36175
 0  1    17    30     1.23624
 0  1    17    31     1.09036
 0  1    18    0     0.992285
 0  1    18    1     1.14636
 0  1    18    2     1.20633
 0  1    18    3     1.06919
 0  1    18    4     1.59956
 0  1    18    5     1.60577
 0  1    18    6     1.39896
 0  1    18    7     1.05063
 0  1    18    8     1.50668
 0  1    18    9     1.67247
 0  1    18    10     1.6196
 0  1    18    11     1.16321
 0  1    18    12     0.861495
 0  1    18    13     1.09569
 0  1    18    14     1.0278
 0  1    18    15     2.07741
 0  1    18    16     0.86837
 0  1    18    17     1.10001
 0  1    18    18     1.14086
 0  1    18    19     1.97246
 0  1    18    20     1.18395
 0  1    18    21     1.2622
 0  1    18    22     1.34534
 0  1    18    23     1.06313
 0  1    18    24     0.996315
 0  1    18    25     1.32644
 0  1    18    26     1.24935
 0  1    18    27     1.09459
 0  1    18    28     1.35663
 0  1    18    29     1.29359
 0  1    18    30     1.24544
 0  1    18    31     1.27855
 0  1    19    0     1.21707
 0  1    19    1     1.1303
 0  1    19    2     1.20819
 0  1    19    3     0.839719
 0  1    19    4     1.36479
 0  1    19    5     1.06034
 0  1    19    6     1.15118
 0  1    19    7     1.1418
 0  1    19    8     1.07344
 0  1    19    9     1.08684
 0  1    19    10     1.16983
 0  1    19    11     1.47239
 0  1    19    12     2.04452
 0  1    19    13     1.60668
 0  1    19    14     0.967458
 0  1    19    15     2.9198
 0  1    19    16     2.34864
 0  1    19    17     0.863013
 0  1    19    18     1.53328
 0  1    19    19     1.32283
 0  1    19    20     1.29675
 0  1    19    21     1.10256
 0  1    19    22     1.40696
 0  1    19    23     1.2615
 0  1    19    24     1.24655
 0  1    19    25     1.08969
 0  1    19    26     1.17973
 0  1    19    27     1.63863
 0  1    19    28     1.40902
 0  1    19    29     1.53404
 0  1    19    30     1.25698
 0  1    19    31     1.4221
 0  1    20    0     0.203374
 0  1    20    1     0.820925
 0  1    20    2     0.496629
 0  1    20    3     1.01943
 0  1    20    4     1.41312
 0  1    20    5     1.38734
 0  1    20    6     2.06536
 0  1    20    7     1.81556
 0  1    20    8     1.56051
 0  1    20    9     1.48503
 0  1    20    10     2.04176
 0  1    20    11     1.65987
 0  1    20    12     1.67952
 0  1    20    13     0.987569
 0  1    20    14     0.352598
 0  1    20    15     1.52185
 0  1    20    16     0.739044
 0  1    20    17     2.35238
 0  1    20    18     1.75913
 0  1    20    19     0.343114
 0  1    20    20     0.576895
 0  1    20    21     1.09932
 0  1    21    0     0.0932243
 0  1    21    1     0.0564173
 0  1    21    2     0.746765
 0  1    21    3     0.384887
 0  1    21    4     0.280284
 0  1    21    5     1.20247
 0  1    21    6     0.384522
 0  1    21    7     1.56934
 0  1    21    8     0.543617
 0  1    21    9     1.38097
 0  1    21    10     1.38695
 0  1    21    11     1.28045
 0  1    21    12     1.28911
 0  1    21    13     0.358556
 0  1    21    14     0.390548
 0  1    21    15     0.987353
 0  1    21    16     0.739438
 0  1    21    17     0.162937
 0  1    21    18     0.586668
 0  1    21    19     0.317963
 0  1    21    20     1.26153
 0  1    21    21     1.23935
 0  1    22    0     0.769287
 0  1    22    1     0.934729
 0  1    22    2     1.55222
 0  1    22    3     1.22935
 0  1    22    4     1.83527
 0  1    22    5     2.10075
 0  1    22    6     2.37115
 0  1    22    7     1.26663
 0  1    22    8     1.36848
 0  1    22    9     1.12807
 0  1    22    10     1.24931
 0  1    22    11     1.72239
 0  1    22    12     1.55996
 0  1    22    13     1.24104
 0  1    22    14     1.42354
 0  1    22    15     1.30095
 0  1    22    16     1.28815
 0  1    22    17     2.28161
 0  1    22    18     2.16605
 0  1    22    19     1.23786
 0  1    22    20     1.18924
 0  1    22    21     0.895506
 0  1    22    22     0.933196
 0  1    22    23     1.16287
 0  1    22    24     1.27611
 0  1    22    25     1.12023
 0  1    22    26     1.25452
 0  1    22    27     1.18991
 0  1    22    28     1.19632
 0  1    22    29     0.981866
 0  1    22    30     0.26094
 0  1    22    31     0.434764
 0  1    23    0     2.0769
 0  1    23    1     1.02846
 0  1    23    2     0.279725
 0  1    23    3     0.446302
 0  1    23    4     0.173384
 0  1    23    5     0.542136
 0  1    23    6     1.33731
 0  1    23    7     1.3764
 0  1    23    8     0.198261
 0  1    23    9     0.156225
 0  1    23    10     0.146344
 0  1    23    11     0.600449
 0  1    23    12     0.144533
 0  1    23    13     0.370804
 0  1    23    14     0.228468
 0  1    23    15     1.1769
 0  1    23    16     1.32602
 0  1    23    17     0.165765
 0  1    23    18     1.37079
 0  1    23    19     0.301221
 0  1    23    20     0.31654
 0  1    23    21     0.641747
 0  1    23    22     0.231193
 0  1    23    23     0.288512
 0  1    23    24     0.396077
 0  1    23    25     1.05002
 0  1    23    26     0.879695
 0  1    23    27     0.266626
 0  1    23    28     1.72738
 0  1    23    29     0.462409
 0  1    23    30     0.226919
 0  1    23    31     1.28799
