 0  0    0    0     1.20661
 0  0    0    1     1.23505
 0  0    0    2     1.17917
 0  0    0    3     1.13934
 0  0    0    4     1.37149
 0  0    0    5     1.26374
 0  0    0    6     1.39013
 0  0    0    7     1.28395
 0  0    0    8     1.51636
 0  0    0    9     1.28414
 0  0    0    10     1.19041
 0  0    0    11     1.29831
 0  0    0    12     1.00576
 0  0    0    13     1.36231
 0  0    0    14     1.15478
 0  0    0    15     1.19216
 0  0    0    16     1.11042
 0  0    0    17     1.33289
 0  0    0    18     1.30596
 0  0    0    19     1.23918
 0  0    0    20     1.27953
 0  0    0    21     1.89315
 0  0    0    22     1.62267
 0  0    0    23     1.32768
 0  0    0    24     1.33068
 0  0    0    25     1.58197
 0  0    0    26     1.80965
 0  0    0    27     1.19691
 0  0    0    28     1.70491
 0  0    0    29     1.29349
 0  0    0    30     1.26914
 0  0    0    31     1.29365
 0  0    1    0     1.31991
 0  0    1    1     1.47525
 0  0    1    2     1.22278
 0  0    1    3     0.824292
 0  0    1    4     1.24287
 0  0    1    5     1.38226
 0  0    1    6     1.20525
 0  0    1    7     1.01488
 0  0    1    8     1.20881
 0  0    1    9     1.16835
 0  0    1    10     1.00119
 0  0    1    11     1.07023
 0  0    1    12     1.25449
 0  0    1    13     1.47981
 0  0    1    14     1.60803
 0  0    1    15     1.23529
 0  0    1    16     1.55909
 0  0    1    17     1.53123
 0  0    1    18     1.48555
 0  0    1    19     1.27262
 0  0    1    20     1.18002
 0  0    1    21     1.01836
 0  0    1    22     1.0002
 0  0    1    23     1.15452
 0  0    1    24     1.06511
 0  0    1    25     1.021
 0  0    1    26     1.02312
 0  0    1    27     1.17209
 0  0    1    28     1.17741
 0  0    1    29     0.942107
 0  0    1    30     0.939743
 0  0    1    31     1.38332
 0  0    2    0     0.847866
 0  0    2    1     0.958564
 0  0    2    2     1.20313
 0  0    2    3     1.71745
 0  0    2    4     0.949156
 0  0    2    5     1.00337
 0  0    2    6     1.07821
 0  0    2    7     0.947399
 0  0    2    8     1.13961
 0  0    2    9     1.23695
 0  0    2    10     1.00578
 0  0    2    11     1.37418
 0  0    2    12     1.30995
 0  0    2    13     1.2398
 0  0    2    14     1.18561
 0  0    2    15     1.28174
 0  0    2    16     1.20429
 0  0    2    17     1.1487
 0  0    2    18     1.21059
 0  0    2    19     1.10717
 0  0    2    20     1.07748
 0  0    2    21     1.31696
 0  0    2    22     1.26843
 0  0    2    23     1.27981
 0  0    2    24     1.10905
 0  0    2    25     1.28952
 0  0    2    26     1.16621
 0  0    2    27     1.23268
 0  0    2    28     1.24127
 0  0    2    29     1.52733
 0  0    2    30     1.43613
 0  0    2    31     0.971696
 0  0    3    0     1.87348
 0  0    3    1     1.05528
 0  0    3    2     1.11132
 0  0    3    3     1.13448
 0  0    3    4     1.07435
 0  0    3    5     0.972147
 0  0    3    6     1.0547
 0  0    3    7     1.18437
 0  0    3    8     1.13938
 0  0    3    9     0.991683
 0  0    3    10     1.00882
 0  0    3    11     1.07013
 0  0    3    12     1.10302
 0  0    3    13     1.36873
 0  0    3    14     1.21503
 0  0    3    15     1.6342
 0  0    3    16     1.23015
 0  0    3    17     1.15077
 0  0    3    18     1.45364
 0  0    3    19     1.5289
 0  0    3    20     1.21999
 0  0    3    21     1.11881
 0  0    3    22     1.14395
 0  0    3    23     1.2994
 0  0    3    24     1.33461
 0  0    3    25     1.15648
 0  0    3    26     1.09388
 0  0    3    27     1.68858
 0  0    3    28     0.947175
 0  0    3    29     1.54287
 0  0    3    30     1.39968
 0  0    3    31     1.01031
 0  0    4    0     1.08475
 0  0    4    1     1.34586
 0  0    4    2     1.35368
 0  0    4    3     0.767371
 0  0    4    4     1.23505
 0  0    4    5     1.29082
 0  0    4    6     1.31914
 0  0    4    7     1.41609
 0  0    4    8     1.11512
 0  0    4    9     1.20739
 0  0    4    10     1.45783
 0  0    4    11     1.29057
 0  0    4    12     1.57921
 0  0    4    13     1.24318
 0  0    4    14     1.27979
 0  0    4    15     1.31092
 0  0    4    16     1.46143
 0  0    4    17     1.2037
 0  0    4    18     1.27354
 0  0    4    19     1.10192
 0  0    4    20     1.28874
 0  0    4    21     1.58772
 0  0    4    22     1.28539
 0  0    4    23     1.33341
 0  0    4    24     1.34525
 0  0    4    25     1.26938
 0  0    4    26     1.51397
 0  0    4    27     1.37261
 0  0    4    28     0.969226
 0  0    4    29     1.16748
 0  0    4    30     1.16817
 0  0    4    31     1.41228
 0  0    5    0     1.56225
 0  0    5    1     1.22346
 0  0    5    2     1.24461
 0  0    5    3     1.06327
 0  0    5    4     1.22336
 0  0    5    5     0.921506
 0  0    5    6     1.14523
 0  0    5    7     1.20927
 0  0    5    8     1.13621
 0  0    5    9     1.15351
 0  0    5    10     1.12608
 0  0    5    11     1.12208
 0  0    5    12     1.19267
 0  0    5    13     1.04145
 0  0    5    14     1.02455
 0  0    5    15     1.56326
 0  0    5    16     1.29556
 0  0    5    17     1.63002
 0  0    5    18     1.06336
 0  0    5    19     1.5052
 0  0    5    20     1.66556
 0  0    5    21     1.75087
 0  0    5    22     1.24346
 0  0    5    23     1.06911
 0  0    5    24     1.73805
 0  0    5    25     1.71526
 0  0    5    26     1.04037
 0  0    5    27     1.07337
 0  0    5    28     1.12252
 0  0    5    29     1.87932
 0  0    5    30     1.64452
 0  0    5    31     1.09475
 0  0    6    0     1.20493
 0  0    6    1     1.03726
 0  0    6    2     0.872593
 0  0    6    3     1.34423
 0  0    6    4     1.39012
 0  0    6    5     1.32976
 0  0    6    6     1.5776
 0  0    6    7     1.12335
 0  0    6    8     1.35182
 0  0    6    9     1.34574
 0  0    6    10     1.57021
 0  0    6    11     0.977142
 0  0    6    12     1.86218
 0  0    6    13     1.17817
 0  0    6    14     1.25186
 0  0    6    15     0.978887
 0  0    6    16     1.87713
 0  0    6    17     1.29403
 0  0    6    18     1.2039
 0  0    6    19     0.941914
 0  0    6    20     1.05235
 0  0    6    21     1.38358
 0  0    6    22     1.06832
 0  0    6    23     0.946317
 0  0    6    24     1.11536
 0  0    6    25     1.07982
 0  0    6    26     1.00143
 0  0    6    27     0.98768
 0  0    6    28     1.45457
 0  0    6    29     1.65564
 0  0    6    30     1.16014
 0  0    6    31     1.50191
 0  0    7    0     1.19936
 0  0    7    1     1.33099
 0  0    7    2     1.23782
 0  0    7    3     0.958479
 0  0    7    4     1.10519
 0  0    7    5     1.18718
 0  0    7    6     1.0864
 0  0    7    7     1.25897
 0  0    7    8     1.00962
 0  0    7    9     1.06801
 0  0    7    10     1.14292
 0  0    7    11     1.17978
 0  0    7    12     1.01647
 0  0    7    13     1.27506
 0  0    7    14     0.990642
 0  0    7    15     1.05361
 0  0    7    16     0.913816
 0  0    7    17     0.968832
 0  0    7    18     1.01907
 0  0    7    19     0.977343
 0  0    7    20     0.958338
 0  0    7    21     1.1697
 0  0    7    22     1.0697
 0  0    7    23     1.16211
 0  0    7    24     1.0231
 0  0    7    25     1.0931
 0  0    7    26     0.924524
 0  0    7    27     1.14524
 0  0    7    28     1.28524
 0  0    7    29     1.23081
 0  0    7    30     1.03558
 0  0    7    31     1.11493
 0  0    8    0     0.977079
 0  0    8    1     1.4762
 0  0    8    2     1.33318
 0  0    8    3     0.953098
 0  0    8    4     1.47602
 0  0    8    5     1.3394
 0  0    8    6     1.37037
 0  0    8    7     1.23295
 0  0    8    8     1.19365
 0  0    8    9     1.17965
 0  0    8    10     1.20837
 0  0    8    11     1.29253
 0  0    8    12     0.990767
 0  0    8    13     1.26332
 0  0    8    14     1.18313
 0  0    8    15     1.86745
 0  0    8    16     0.943494
 0  0    8    17     1.38269
 0  0    8    18     1.2355
 0  0    8    19     1.28137
 0  0    8    20     1.31356
 0  0    8    21     1.2219
 0  0    8    22     1.23532
 0  0    8    23     1.18574
 0  0    8    24     1.22668
 0  0    8    25     1.17253
 0  0    8    26     1.38692
 0  0    8    27     1.22696
 0  0    8    28     1.10056
 0  0    8    29     0.910487
 0  0    8    30     1.14156
 0  0    8    31     1.58588
 0  0    9    0     0.964528
 0  0    9    1     1.14956
 0  0    9    2     1.14142
 0  0    9    3     1.70057
 0  0    9    4     1.27027
 0  0    9    5     1.45932
 0  0    9    6     1.50421
 0  0    9    7     1.41341
 0  0    9    8     1.24443
 0  0    9    9     1.47957
 0  0    9    10     1.40173
 0  0    9    11     1.24337
 0  0    9    12     1.26289
 0  0    9    13     1.72958
 0  0    9    14     1.47188
 0  0    9    15     1.29411
 0  0    9    16     1.40034
 0  0    9    17     1.57693
 0  0    9    18     1.25635
 0  0    9    19     1.23668
 0  0    9    20     1.21331
 0  0    9    21     1.42809
 0  0    9    22     1.19985
 0  0    9    23     1.11593
 0  0    9    24     1.11919
 0  0    9    25     1.27099
 0  0    9    26     1.19678
 0  0    9    27     1.24905
 0  0    9    28     1.04475
 0  0    9    29     1.19774
 0  0    9    30     1.38368
 0  0    9    31     1.28661
 0  0    10    0     1.11587
 0  0    10    1     1.87126
 0  0    10    2     1.48525
 0  0    10    3     0.872607
 0  0    10    4     1.23726
 0  0    10    5     1.55249
 0  0    10    6     1.38585
 0  0    10    7     0.901235
 0  0    10    8     1.26819
 0  0    10    9     1.29366
 0  0    10    10     1.26297
 0  0    10    11     1.46
 0  0    10    12     0.911806
 0  0    10    13     1.25738
 0  0    10    14     1.20109
 0  0    10    15     1.33398
 0  0    10    16     1.0819
 0  0    10    17     1.26184
 0  0    10    18     1.17716
 0  0    10    19     1.32524
 0  0    10    20     0.960865
 0  0    10    21     1.19
 0  0    10    22     1.27486
 0  0    10    23     1.30632
 0  0    10    24     1.27504
 0  0    10    25     1.25531
 0  0    10    26     1.13996
 0  0    10    27     1.29388
 0  0    10    28     1.25211
 0  0    10    29     1.27813
 0  0    10    30     1.12994
 0  0    10    31     1.25588
 0  0    11    0     1.53339
 0  0    11    1     1.65957
 0  0    11    2     1.21674
 0  0    11    3     1.4065
 0  0    11    4     1.3767
 0  0    11    5     1.79049
 0  0    11    6     1.23901
 0  0    11    7     0.793704
 0  0    11    8     1.36568
 0  0    11    9     1.69895
 0  0    11    10     1.14325
 0  0    11    11     1.06828
 0  0    11    12     1.54237
 0  0    11    13     1.13989
 0  0    11    14     1.09535
 0  0    11    15     0.820958
 0  0    11    16     1.53131
 0  0    11    17     1.19585
 0  0    11    18     1.08886
 0  0    11    19     0.800522
 0  0    11    20     0.822259
 0  0    11    21     0.954367
 0  0    11    22     1.32591
 0  0    11    23     1.4464
 0  0    11    24     1.39011
 0  0    11    25     1.06074
 0  0    11    26     1.05565
 0  0    11    27     1.31823
 0  0    11    28     1.2754
 0  0    11    29     1.25744
 0  0    11    30     1.17741
 0  0    11    31     1.22042
 0  0    12    0     1.39564
 0  0    12    1     1.10811
 0  0    12    2     0.995246
 0  0    12    3     1.19699
 0  0    12    4     0.905402
 0  0    12    5     1.27298
 0  0    12    6     1.43302
 0  0    12    7     1.62181
 0  0    12    8     1.05801
 0  0    12    9     1.52646
 0  0    12    10     1.46363
 0  0    12    11     1.59734
 0  0    12    12     0.83823
 0  0    12    13     1.38303
 0  0    12    14     1.66351
 0  0    12    15     1.97552
 0  0    12    16     0.842924
 0  0    12    17     1.8098
 0  0    12    18     1.6846
 0  0    12    19     1.90657
 0  0    12    20     1.57668
 0  0    12    21     1.251
 0  0    12    22     1.96541
 0  0    12    23     1.22468
 0  0    12    24     1.30338
 0  0    12    25     1.35466
 0  0    12    26     1.39062
 0  0    12    27     1.12134
 0  0    12    28     1.01695
 0  0    12    29     1.35292
 0  0    12    30     1.28845
 0  0    12    31     1.00412
 0  0    13    0     1.0565
 0  0    13    1     0.916804
 0  0    13    2     1.21718
 0  0    13    3     1.88245
 0  0    13    4     1.56745
 0  0    13    5     1.24012
 0  0    13    6     1.30108
 0  0    13    7     1.33243
 0  0    13    8     1.36254
 0  0    13    9     1.27075
 0  0    13    10     1.30133
 0  0    13    11     1.34394
 0  0    13    12     1.54923
 0  0    13    13     1.26236
 0  0    13    14     1.32149
 0  0    13    15     1.29525
 0  0    13    16     1.18262
 0  0    13    17     1.14416
 0  0    13    18     1.1779
 0  0    13    19     1.42066
 0  0    13    20     0.956397
 0  0    13    21     1.35892
 0  0    13    22     1.4114
 0  0    13    23     1.31748
 0  0    13    24     0.919829
 0  0    13    25     1.32649
 0  0    13    26     1.06814
 0  0    13    27     1.24523
 0  0    13    28     0.930081
 0  0    13    29     1.55771
 0  0    13    30     1.09527
 0  0    13    31     1.50822
 0  0    14    0     1.12929
 0  0    14    1     1.31341
 0  0    14    2     1.43719
 0  0    14    3     1.66463
 0  0    14    4     1.45379
 0  0    14    5     1.27517
 0  0    14    6     1.23928
 0  0    14    7     1.48325
 0  0    14    8     1.34058
 0  0    14    9     1.27789
 0  0    14    10     1.54033
 0  0    14    11     1.0777
 0  0    14    12     1.41757
 0  0    14    13     1.49002
 0  0    14    14     0.979916
 0  0    14    15     0.893758
 0  0    14    16     1.24575
 0  0    14    17     1.4169
 0  0    14    18     1.61672
 0  0    14    19     0.954122
 0  0    14    20     1.15591
 0  0    14    21     2.01011
 0  0    14    22     1.87589
 0  0    14    23     1.23933
 0  0    14    24     1.34635
 0  0    14    25     1.99869
 0  0    14    26     1.65544
 0  0    14    27     1.62114
 0  0    14    28     1.26545
 0  0    14    29     1.62035
 0  0    14    30     1.16508
 0  0    14    31     0.585479
 0  0    15    0     1.17692
 0  0    15    1     1.201
 0  0    15    2     1.34195
 0  0    15    3     1.19511
 0  0    15    4     0.892405
 0  0    15    5     1.51349
 0  0    15    6     1.44325
 0  0    15    7     1.35488
 0  0    15    8     1.02185
 0  0    15    9     1.66037
 0  0    15    10     1.30696
 0  0    15    11     1.26498
 0  0    15    12     0.961232
 0  0    15    13     1.37562
 0  0    15    14     1.14911
 0  0    15    15     1.58397
 0  0    15    16     0.885419
 0  0    15    17     1.36714
 0  0    15    18     1.09058
 0  0    15    19     1.6085
 0  0    15    20     0.822564
 0  0    15    21     1.12754
 0  0    15    22     1.02954
 0  0    15    23     1.2345
 0  0    15    24     0.915851
 0  0    15    25     1.16859
 0  0    15    26     1.04647
 0  0    15    27     0.924523
 0  0    15    28     1.2247
 0  0    15    29     1.07945
 0  0    15    30     1.02645
 0  0    15    31     0.954755
 0  0    16    0     1.24709
 0  0    16    1     1.34736
 0  0    16    2     1.25673
 0  0    16    3     1.15553
 0  0    16    4     1.24258
 0  0    16    5     1.0625
 0  0    16    6     1.05272
 0  0    16    7     1.23664
 0  0    16    8     1.21657
 0  0    16    9     0.999888
 0  0    16    10     1.0537
 0  0    16    11     1.33613
 0  0    16    12     1.52611
 0  0    16    13     1.43061
 0  0    16    14     1.22637
 0  0    16    15     1.67792
 0  0    16    16     1.43428
 0  0    16    17     1.36009
 0  0    16    18     1.31658
 0  0    16    19     1.2057
 0  0    16    20     0.968202
 0  0    16    21     1.13561
 0  0    16    22     1.03932
 0  0    16    23     1.27141
 0  0    16    24     0.908836
 0  0    16    25     1.1036
 0  0    16    26     0.934263
 0  0    16    27     1.33135
 0  0    16    28     1.1692
 0  0    16    29     0.845607
 0  0    16    30     1.03915
 0  0    16    31     0.837133
 0  0    17    0     1.05491
 0  0    17    1     1.17938
 0  0    17    2     1.32105
 0  0    17    3     1.08674
 0  0    17    4     1.55968
 0  0    17    5     1.50911
 0  0    17    6     1.45272
 0  0    17    7     1.31294
 0  0    17    8     1.51254
 0  0    17    9     1.46984
 0  0    17    10     1.51979
 0  0    17    11     1.52596
 0  0    17    12     1.58903
 0  0    17    13     1.30379
 0  0    17    14     1.37024
 0  0    17    15     1.07445
 0  0    17    16     1.31848
 0  0    17    17     1.28356
 0  0    17    18     1.15094
 0  0    17    19     0.992286
 0  0    17    20     1.1876
 0  0    17    21     1.05897
 0  0    17    22     1.02182
 0  0    17    23     1.14264
 0  0    17    24     1.13153
 0  0    17    25     1.33987
 0  0    17    26     1.11727
 0  0    17    27     1.25373
 0  0    17    28     0.807874
 0  0    17    29     1.154
 0  0    17    30     1.12602
 0  0    17    31     1.04347
 0  0    18    0     1.01697
 0  0    18    1     1.20485
 0  0    18    2     1.46311
 0  0    18    3     1.35903
 0  0    18    4     1.17696
 0  0    18    5     1.31896
 0  0    18    6     1.2223
 0  0    18    7     1.33449
 0  0    18    8     1.29175
 0  0    18    9     1.20455
 0  0    18    10     1.1479
 0  0    18    11     1.18627
 0  0    18    12     1.01226
 0  0    18    13     1.55853
 0  0    18    14     1.49873
 0  0    18    15     1.3896
 0  0    18    16     1.00072
 0  0    18    17     1.47526
 0  0    18    18     1.35469
 0  0    18    19     1.13777
 0  0    18    20     1.06858
 0  0    18    21     1.04545
 0  0    18    22     1.34176
 0  0    18    23     0.94437
 0  0    18    24     1.08811
 0  0    18    25     0.953478
 0  0    18    26     1.10969
 0  0    18    27     0.979995
 0  0    18    28     1.06694
 0  0    18    29     1.32606
 0  0    18    30     1.14577
 0  0    18    31     1.06073
 0  0    19    0     1.22666
 0  0    19    1     1.25758
 0  0    19    2     1.31422
 0  0    19    3     2.48886
 0  0    19    4     1.16338
 0  0    19    5     1.327
 0  0    19    6     0.991072
 0  0    19    7     0.874698
 0  0    19    8     1.18465
 0  0    19    9     1.19056
 0  0    19    10     1.21233
 0  0    19    11     1.36972
 0  0    19    12     1.22246
 0  0    19    13     1.83279
 0  0    19    14     1.42692
 0  0    19    15     2.529
 0  0    19    16     1.11481
 0  0    19    17     1.21482
 0  0    19    18     0.987907
 0  0    19    19     2.39984
 0  0    19    20     1.00003
 0  0    19    21     1.65323
 0  0    19    22     1.22244
 0  0    19    23     1.39458
 0  0    19    24     1.04252
 0  0    19    25     1.58
 0  0    19    26     1.16884
 0  0    19    27     1.1686
 0  0    19    28     1.20233
 0  0    19    29     1.36412
 0  0    19    30     1.52781
 0  0    19    31     1.21086
 0  0    20    0     1.65476
 0  0    20    1     1.31825
 0  0    20    2     0.279907
 0  0    20    3     1.4711
 0  0    20    4     1.14596
 0  0    20    5     1.57407
 0  0    20    6     1.55102
 0  0    20    7     2.51049
 0  0    20    8     1.41727
 0  0    20    9     1.05538
 0  0    20    10     1.70543
 0  0    20    11     1.58351
 0  0    20    12     1.33997
 0  0    20    13     1.52949
 0  0    20    14     1.79187
 0  0    20    15     1.57985
 0  0    20    16     1.24443
 0  0    20    17     1.6774
 0  0    20    18     0.765311
 0  0    20    19     1.747
 0  0    20    20     1.38463
 0  0    20    21     0.803178
 0  0    21    0     0.218733
 0  0    21    1     1.46079
 0  0    21    2     1.11847
 0  0    21    3     0.263743
 0  0    21    4     1.26161
 0  0    21    5     0.901889
 0  0    21    6     1.10304
 0  0    21    7     0.853651
 0  0    21    8     1.22819
 0  0    21    9     1.16027
 0  0    21    10     1.14093
 0  0    21    11     0.425094
 0  0    21    12     1.09018
 0  0    21    13     0.886002
 0  0    21    14     0.45975
 0  0    21    15     1.76401
 0  0    21    16     1.12612
 0  0    21    17     0.580343
 0  0    21    18     0.440686
 0  0    21    19     0.975685
 0  0    21    20     0.864314
 0  0    21    21     0.446503
 0  0    22    0     0.220893
 0  0    22    1     0.259055
 0  0    22    2     1.83875
 0  0    22    3     1.07551
 0  0    22    4     1.12481
 0  0    22    5     1.4787
 0  0    22    6     1.38106
 0  0    22    7     1.87304
 0  0    22    8     1.77206
 0  0    22    9     1.59734
 0  0    22    10     1.49278
 0  0    22    11     1.49931
 0  0    22    12     1.11085
 0  0    22    13     1.38188
 0  0    22    14     1.43147
 0  0    22    15     1.19803
 0  0    22    16     1.08626
 0  0    22    17     1.16412
 0  0    22    18     1.41836
 0  0    22    19     1.21874
 0  0    22    20     1.31359
 0  0    22    21     1.17908
 0  0    22    22     1.43082
 0  0    22    23     1.4376
 0  0    22    24     1.58608
 0  0    22    25     1.20274
 0  0    22    26     1.32308
 0  0    22    27     1.02984
 0  0    22    28     1.23848
 0  0    22    29     0.906406
 0  0    22    30     0.643515
 0  0    22    31     1.21966
 0  0    23    0     4.31208
 0  0    23    1     1.43714
 0  0    23    2     1.75072
 0  0    23    3     0.864744
 0  0    23    4     1.52511
 0  0    23    5     1.56329
 0  0    23    6     1.26619
 0  0    23    7     0.645317
 0  0    23    8     0.288916
 0  0    23    9     1.67062
 0  0    23    10     1.69463
 0  0    23    11     0.268434
 0  0    23    12     0.387394
 0  0    23    13     0.342415
 0  0    23    14     0.33646
 0  0    23    15     0.193457
 0  0    23    16     0.293544
 0  0    23    17     0.250152
 0  0    23    18     0.17709
 0  0    23    19     0.28523
 0  0    23    20     0.125525
 0  0    23    21     0.243938
 0  0    23    22     0.445168
 0  0    23    23     0.235746
 0  0    23    24     0.457386
 0  0    23    25     0.507299
 0  0    23    26     0.696757
 0  0    23    27     1.14502
 0  0    23    28     0.29575
 0  0    23    29     0.339192
 0  0    23    30     0.354063
 0  0    23    31     0.403762
 0  1    0    0     1.43126
 0  1    0    1     1.36467
 0  1    0    2     1.25971
 0  1    0    3     1.24432
 0  1    0    4     1.20468
 0  1    0    5     1.33085
 0  1    0    6     1.27485
 0  1    0    7     1.13902
 0  1    0    8     1.26445
 0  1    0    9     1.40459
 0  1    0    10     1.47953
 0  1    0    11     1.24778
 0  1    0    12     1.36809
 0  1    0    13     1.36912
 0  1    0    14     1.08769
 0  1    0    15     1.11442
 0  1    0    16     1.29299
 0  1    0    17     1.4141
 0  1    0    18     1.39165
 0  1    0    19     1.39743
 0  1    0    20     1.79217
 0  1    0    21     1.25323
 0  1    0    22     1.40989
 0  1    0    23     1.26901
 0  1    0    24     2.09054
 0  1    0    25     1.22549
 0  1    0    26     1.45499
 0  1    0    27     1.37999
 0  1    0    28     1.20385
 0  1    0    29     1.21985
 0  1    0    30     1.14854
 0  1    0    31     1.25795
 0  1    1    0     1.23647
 0  1    1    1     1.4506
 0  1    1    2     1.39245
 0  1    1    3     1.20716
 0  1    1    4     1.07168
 0  1    1    5     1.093
 0  1    1    6     1.06845
 0  1    1    7     1.6584
 0  1    1    8     1.04012
 0  1    1    9     1.01323
 0  1    1    10     1.01274
 0  1    1    11     1.3156
 0  1    1    12     1.34179
 0  1    1    13     1.05687
 0  1    1    14     1.02167
 0  1    1    15     1.09512
 0  1    1    16     1.37753
 0  1    1    17     1.07487
 0  1    1    18     1.02632
 0  1    1    19     1.13327
 0  1    1    20     1.40368
 0  1    1    21     1.36975
 0  1    1    22     1.23186
 0  1    1    23     1.17048
 0  1    1    24     1.15165
 0  1    1    25     1.37169
 0  1    1    26     1.45941
 0  1    1    27     1.17834
 0  1    1    28     1.1726
 0  1    1    29     1.32153
 0  1    1    30     1.44574
 0  1    1    31     1.24431
 0  1    2    0     1.35008
 0  1    2    1     1.63834
 0  1    2    2     1.73433
 0  1    2    3     1.29538
 0  1    2    4     1.44942
 0  1    2    5     1.31757
 0  1    2    6     1.44724
 0  1    2    7     1.34467
 0  1    2    8     1.57466
 0  1    2    9     1.5474
 0  1    2    10     1.51752
 0  1    2    11     1.32981
 0  1    2    12     1.16386
 0  1    2    13     1.47262
 0  1    2    14     1.36732
 0  1    2    15     1.10722
 0  1    2    16     1.15263
 0  1    2    17     1.50687
 0  1    2    18     1.58045
 0  1    2    19     1.10381
 0  1    2    20     1.19989
 0  1    2    21     1.70815
 0  1    2    22     1.50165
 0  1    2    23     1.72514
 0  1    2    24     1.16416
 0  1    2    25     1.74985
 0  1    2    26     1.7293
 0  1    2    27     1.84523
 0  1    2    28     1.14723
 0  1    2    29     1.23574
 0  1    2    30     1.74565
 0  1    2    31     1.70299
 0  1    3    0     1.22875
 0  1    3    1     1.57255
 0  1    3    2     1.48992
 0  1    3    3     1.6488
 0  1    3    4     1.42123
 0  1    3    5     1.3017
 0  1    3    6     1.47349
 0  1    3    7     1.60698
 0  1    3    8     1.25598
 0  1    3    9     1.42531
 0  1    3    10     1.31218
 0  1    3    11     1.51665
 0  1    3    12     1.09865
 0  1    3    13     0.981419
 0  1    3    14     1.26085
 0  1    3    15     1.10743
 0  1    3    16     1.16168
 0  1    3    17     0.981218
 0  1    3    18     0.998098
 0  1    3    19     1.10577
 0  1    3    20     1.75497
 0  1    3    21     1.20892
 0  1    3    22     1.19569
 0  1    3    23     1.22796
 0  1    3    24     1.42405
 0  1    3    25     1.38292
 0  1    3    26     1.3535
 0  1    3    27     1.45143
 0  1    3    28     1.50276
 0  1    3    29     1.47116
 0  1    3    30     1.52625
 0  1    3    31     0.931136
 0  1    4    0     1.54285
 0  1    4    1     1.58926
 0  1    4    2     1.63457
 0  1    4    3     1.57913
 0  1    4    4     1.6146
 0  1    4    5     1.05257
 0  1    4    6     1.394
 0  1    4    7     1.53583
 0  1    4    8     1.51992
 0  1    4    9     1.41509
 0  1    4    10     1.50212
 0  1    4    11     1.6822
 0  1    4    12     1.23865
 0  1    4    13     1.31345
 0  1    4    14     1.21374
 0  1    4    15     1.8915
 0  1    4    16     1.08658
 0  1    4    17     1.25582
 0  1    4    18     1.29964
 0  1    4    19     1.88353
 0  1    4    20     1.32371
 0  1    4    21     1.64862
 0  1    4    22     1.03814
 0  1    4    23     1.67986
 0  1    4    24     1.35912
 0  1    4    25     1.76449
 0  1    4    26     1.44576
 0  1    4    27     1.54569
 0  1    4    28     1.21472
 0  1    4    29     1.43537
 0  1    4    30     1.39264
 0  1    4    31     1.12913
 0  1    5    0     1.13625
 0  1    5    1     1.23881
 0  1    5    2     1.29951
 0  1    5    3     1.25748
 0  1    5    4     1.00782
 0  1    5    5     1.08782
 0  1    5    6     1.25173
 0  1    5    7     0.936233
 0  1    5    8     1.11683
 0  1    5    9     1.2746
 0  1    5    10     1.04138
 0  1    5    11     1.11489
 0  1    5    12     1.64579
 0  1    5    13     1.12379
 0  1    5    14     1.10647
 0  1    5    15     1.15346
 0  1    5    16     1.57993
 0  1    5    17     1.27978
 0  1    5    18     1.11508
 0  1    5    19     1.05922
 0  1    5    20     1.03014
 0  1    5    21     1.26349
 0  1    5    22     1.2342
 0  1    5    23     1.02442
 0  1    5    24     1.09411
 0  1    5    25     1.40495
 0  1    5    26     1.22223
 0  1    5    27     1.28955
 0  1    5    28     1.10917
 0  1    5    29     1.03232
 0  1    5    30     1.06539
 0  1    5    31     1.0618
 0  1    6    0     1.19738
 0  1    6    1     1.25982
 0  1    6    2     1.36936
 0  1    6    3     1.20331
 0  1    6    4     0.99326
 0  1    6    5     1.09455
 0  1    6    6     1.02441
 0  1    6    7     1.02261
 0  1    6    8     0.918851
 0  1    6    9     1.18163
 0  1    6    10     1.03721
 0  1    6    11     1.11144
 0  1    6    12     1.17131
 0  1    6    13     1.15753
 0  1    6    14     1.1351
 0  1    6    15     1.3502
 0  1    6    16     1.03218
 0  1    6    17     1.26025
 0  1    6    18     1.18121
 0  1    6    19     1.30445
 0  1    6    20     1.06269
 0  1    6    21     1.29832
 0  1    6    22     1.43084
 0  1    6    23     1.22005
 0  1    6    24     1.09152
 0  1    6    25     1.55515
 0  1    6    26     1.37196
 0  1    6    27     1.26604
 0  1    6    28     1.04736
 0  1    6    29     1.10792
 0  1    6    30     1.1442
 0  1    6    31     1.22972
 0  1    7    0     1.07136
 0  1    7    1     1.23841
 0  1    7    2     1.53222
 0  1    7    3     2.28061
 0  1    7    4     1.23399
 0  1    7    5     1.4718
 0  1    7    6     1.74243
 0  1    7    7     1.34926
 0  1    7    8     1.2693
 0  1    7    9     1.4964
 0  1    7    10     1.60446
 0  1    7    11     1.2888
 0  1    7    12     1.23477
 0  1    7    13     1.50782
 0  1    7    14     1.79496
 0  1    7    15     1.70666
 0  1    7    16     1.26575
 0  1    7    17     1.49538
 0  1    7    18     1.74373
 0  1    7    19     1.41521
 0  1    7    20     1.16775
 0  1    7    21     1.30506
 0  1    7    22     1.27464
 0  1    7    23     1.22296
 0  1    7    24     1.35864
 0  1    7    25     1.30141
 0  1    7    26     1.46562
 0  1    7    27     1.26445
 0  1    7    28     1.1875
 0  1    7    29     1.63421
 0  1    7    30     1.44296
 0  1    7    31     1.23476
 0  1    8    0     1.50923
 0  1    8    1     1.53598
 0  1    8    2     1.43755
 0  1    8    3     0.957001
 0  1    8    4     1.2178
 0  1    8    5     0.963681
 0  1    8    6     0.944073
 0  1    8    7     1.36865
 0  1    8    8     1.38351
 0  1    8    9     1.26403
 0  1    8    10     1.21263
 0  1    8    11     1.52763
 0  1    8    12     1.27531
 0  1    8    13     1.57392
 0  1    8    14     1.60987
 0  1    8    15     1.22865
 0  1    8    16     1.35429
 0  1    8    17     1.6595
 0  1    8    18     1.48923
 0  1    8    19     1.50751
 0  1    8    20     1.2317
 0  1    8    21     1.51914
 0  1    8    22     1.28267
 0  1    8    23     1.70097
 0  1    8    24     1.05815
 0  1    8    25     1.71966
 0  1    8    26     1.67654
 0  1    8    27     1.66023
 0  1    8    28     1.11099
 0  1    8    29     1.3498
 0  1    8    30     1.28239
 0  1    8    31     1.42776
 0  1    9    0     0.98711
 0  1    9    1     1.44213
 0  1    9    2     1.31923
 0  1    9    3     1.32234
 0  1    9    4     1.63032
 0  1    9    5     1.52827
 0  1    9    6     1.29625
 0  1    9    7     1.57909
 0  1    9    8     1.59401
 0  1    9    9     1.55822
 0  1    9    10     1.39003
 0  1    9    11     1.69477
 0  1    9    12     1.3292
 0  1    9    13     1.7674
 0  1    9    14     1.76693
 0  1    9    15     1.36978
 0  1    9    16     1.23861
 0  1    9    17     1.6965
 0  1    9    18     1.62548
 0  1    9    19     1.26262
 0  1    9    20     1.65035
 0  1    9    21     1.21973
 0  1    9    22     1.25329
 0  1    9    23     1.10161
 0  1    9    24     1.76756
 0  1    9    25     1.39779
 0  1    9    26     1.36183
 0  1    9    27     1.11485
 0  1    9    28     1.68241
 0  1    9    29     1.0483
 0  1    9    30     1.00292
 0  1    9    31     0.983178
 0  1    10    0     1.17322
 0  1    10    1     1.17684
 0  1    10    2     1.0942
 0  1    10    3     0.941757
 0  1    10    4     1.71779
 0  1    10    5     1.22234
 0  1    10    6     1.45719
 0  1    10    7     1.44934
 0  1    10    8     1.83876
 0  1    10    9     1.04119
 0  1    10    10     1.14882
 0  1    10    11     1.53789
 0  1    10    12     1.08732
 0  1    10    13     1.099
 0  1    10    14     1.08371
 0  1    10    15     1.15058
 0  1    10    16     1.05364
 0  1    10    17     1.13819
 0  1    10    18     1.02817
 0  1    10    19     1.09199
 0  1    10    20     0.885911
 0  1    10    21     1.38989
 0  1    10    22     1.57769
 0  1    10    23     0.897487
 0  1    10    24     0.903534
 0  1    10    25     1.37812
 0  1    10    26     1.30189
 0  1    10    27     1.01586
 0  1    10    28     1.10984
 0  1    10    29     1.15802
 0  1    10    30     0.910224
 0  1    10    31     1.01367
 0  1    11    0     0.942704
 0  1    11    1     1.1321
 0  1    11    2     1.07532
 0  1    11    3     1.18002
 0  1    11    4     1.53861
 0  1    11    5     1.43965
 0  1    11    6     1.61198
 0  1    11    7     1.33952
 0  1    11    8     1.28899
 0  1    11    9     1.29554
 0  1    11    10     1.36088
 0  1    11    11     1.35362
 0  1    11    12     1.09182
 0  1    11    13     1.20379
 0  1    11    14     1.12912
 0  1    11    15     1.17728
 0  1    11    16     1.11879
 0  1    11    17     1.04722
 0  1    11    18     1.18705
 0  1    11    19     1.27844
 0  1    11    20     1.02351
 0  1    11    21     1.10955
 0  1    11    22     1.11717
 0  1    11    23     1.10659
 0  1    11    24     0.841175
 0  1    11    25     1.0426
 0  1    11    26     1.09433
 0  1    11    27     1.35121
 0  1    11    28     1.0114
 0  1    11    29     1.14262
 0  1    11    30     0.988562
 0  1    11    31     1.03005
 0  1    12    0     1.17017
 0  1    12    1     1.50272
 0  1    12    2     1.67479
 0  1    12    3     1.22353
 0  1    12    4     1.27807
 0  1    12    5     1.11377
 0  1    12    6     1.18939
 0  1    12    7     0.970935
 0  1    12    8     1.38396
 0  1    12    9     1.0808
 0  1    12    10     1.29297
 0  1    12    11     0.976246
 0  1    12    12     1.27709
 0  1    12    13     1.29712
 0  1    12    14     1.28418
 0  1    12    15     1.20722
 0  1    12    16     1.19242
 0  1    12    17     1.31512
 0  1    12    18     1.20787
 0  1    12    19     1.15549
 0  1    12    20     1.0014
 0  1    12    21     1.13217
 0  1    12    22     1.04143
 0  1    12    23     1.04074
 0  1    12    24     1.27973
 0  1    12    25     1.09799
 0  1    12    26     0.99365
 0  1    12    27     1.17383
 0  1    12    28     0.884145
 0  1    12    29     0.89205
 0  1    12    30     1.13081
 0  1    12    31     0.886629
 0  1    13    0     1.25122
 0  1    13    1     1.25408
 0  1    13    2     1.22958
 0  1    13    3     1.48166
 0  1    13    4     1.14023
 0  1    13    5     1.313
 0  1    13    6     1.32402
 0  1    13    7     1.393
 0  1    13    8     1.08454
 0  1    13    9     1.49841
 0  1    13    10     1.37296
 0  1    13    11     1.26304
 0  1    13    12     1.26418
 0  1    13    13     1.01605
 0  1    13    14     1.06502
 0  1    13    15     1.33203
 0  1    13    16     1.1316
 0  1    13    17     0.988046
 0  1    13    18     1.01742
 0  1    13    19     1.15986
 0  1    13    20     1.03846
 0  1    13    21     1.21934
 0  1    13    22     1.42654
 0  1    13    23     1.10175
 0  1    13    24     1.04367
 0  1    13    25     1.15932
 0  1    13    26     1.31066
 0  1    13    27     1.20962
 0  1    13    28     0.97307
 0  1    13    29     1.21827
 0  1    13    30     1.05992
 0  1    13    31     1.01025
 0  1    14    0     1.55439
 0  1    14    1     1.05557
 0  1    14    2     1.02901
 0  1    14    3     1.05022
 0  1    14    4     1.36098
 0  1    14    5     1.30106
 0  1    14    6     1.49323
 0  1    14    7     1.45197
 0  1    14    8     1.27764
 0  1    14    9     1.34747
 0  1    14    10     1.73454
 0  1    14    11     1.33527
 0  1    14    12     1.17987
 0  1    14    13     1.04891
 0  1    14    14     1.0423
 0  1    14    15     1.26448
 0  1    14    16     1.03085
 0  1    14    17     1.06719
 0  1    14    18     1.34062
 0  1    14    19     1.21432
 0  1    14    20     0.991559
 0  1    14    21     1.0295
 0  1    14    22     1.02349
 0  1    14    23     1.55952
 0  1    14    24     1.2601
 0  1    14    25     1.15948
 0  1    14    26     1.08916
 0  1    14    27     1.71479
 0  1    14    28     0.964791
 0  1    14    29     1.11142
 0  1    14    30     1.15777
 0  1    14    31     1.57354
 0  1    15    0     0.986988
 0  1    15    1     1.10358
 0  1    15    2     0.957705
 0  1    15    3     0.958111
 0  1    15    4     1.16008
 0  1    15    5     1.4385
 0  1    15    6     1.25975
 0  1    15    7     1.11563
 0  1    15    8     1.12057
 0  1    15    9     1.37519
 0  1    15    10     1.31036
 0  1    15    11     1.12798
 0  1    15    12     1.13494
 0  1    15    13     1.47185
 0  1    15    14     1.31311
 0  1    15    15     1.1077
 0  1    15    16     1.11223
 0  1    15    17     1.45899
 0  1    15    18     1.45845
 0  1    15    19     1.30137
 0  1    15    20     0.995037
 0  1    15    21     1.22967
 0  1    15    22     1.15278
 0  1    15    23     1.00483
 0  1    15    24     1.22504
 0  1    15    25     1.32502
 0  1    15    26     1.15897
 0  1    15    27     1.0892
 0  1    15    28     1.32533
 0  1    15    29     1.30856
 0  1    15    30     1.21416
 0  1    15    31     1.17201
 0  1    16    0     0.863089
 0  1    16    1     1.1652
 0  1    16    2     0.984954
 0  1    16    3     0.945413
 0  1    16    4     1.38592
 0  1    16    5     1.09628
 0  1    16    6     1.15344
 0  1    16    7     1.11396
 0  1    16    8     1.15769
 0  1    16    9     1.18402
 0  1    16    10     1.15384
 0  1    16    11     1.12774
 0  1    16    12     1.09374
 0  1    16    13     1.05168
 0  1    16    14     1.39352
 0  1    16    15     1.14829
 0  1    16    16     1.08766
 0  1    16    17     1.28332
 0  1    16    18     1.49112
 0  1    16    19     1.17903
 0  1    16    20     1.09483
 0  1    16    21     1.14616
 0  1    16    22     1.42222
 0  1    16    23     1.32724
 0  1    16    24     1.01169
 0  1    16    25     1.09407
 0  1    16    26     1.27795
 0  1    16    27     1.12055
 0  1    16    28     1.11162
 0  1    16    29     1.33535
 0  1    16    30     1.52212
 0  1    16    31     1.34059
 0  1    17    0     0.92901
 0  1    17    1     1.07537
 0  1    17    2     1.08196
 0  1    17    3     0.951129
 0  1    17    4     1.06397
 0  1    17    5     1.02037
 0  1    17    6     1.09893
 0  1    17    7     1.65553
 0  1    17    8     1.10345
 0  1    17    9     1.03194
 0  1    17    10     1.03001
 0  1    17    11     1.64678
 0  1    17    12     1.1769
 0  1    17    13     1.23772
 0  1    17    14     1.11653
 0  1    17    15     0.930932
 0  1    17    16     1.12021
 0  1    17    17     1.18142
 0  1    17    18     1.18219
 0  1    17    19     0.950286
 0  1    17    20     1.30481
 0  1    17    21     1.34963
 0  1    17    22     1.22596
 0  1    17    23     1.21152
 0  1    17    24     1.06036
 0  1    17    25     1.3197
 0  1    17    26     1.31098
 0  1    17    27     1.12536
 0  1    17    28     1.33836
 0  1    17    29     1.35146
 0  1    17    30     1.23234
 0  1    17    31     1.09117
 0  1    18    0     0.988274
 0  1    18    1     1.13823
 0  1    18    2     1.20669
 0  1    18    3     1.0622
 0  1    18    4     1.58794
 0  1    18    5     1.5659
 0  1    18    6     1.40038
 0  1    18    7     1.04594
 0  1    18    8     1.50485
 0  1    18    9     1.66648
 0  1    18    10     1.61653
 0  1    18    11     1.15984
 0  1    18    12     0.857127
 0  1    18    13     1.09572
 0  1    18    14     1.01636
 0  1    18    15     2.02699
 0  1    18    16     0.863794
 0  1    18    17     1.09796
 0  1    18    18     1.1226
 0  1    18    19     1.95566
 0  1    18    20     1.19371
 0  1    18    21     1.26297
 0  1    18    22     1.34421
 0  1    18    23     1.06562
 0  1    18    24     0.986168
 0  1    18    25     1.32424
 0  1    18    26     1.25269
 0  1    18    27     1.06336
 0  1    18    28     1.41432
 0  1    18    29     1.33836
 0  1    18    30     1.23834
 0  1    18    31     1.30728
 0  1    19    0     1.21733
 0  1    19    1     1.12497
 0  1    19    2     1.19952
 0  1    19    3     1.00017
 0  1    19    4     1.37125
 0  1    19    5     1.05645
 0  1    19    6     1.13405
 0  1    19    7     1.27062
 0  1    19    8     1.05852
 0  1    19    9     1.06911
 0  1    19    10     1.16694
 0  1    19    11     1.60063
 0  1    19    12     2.01019
 0  1    19    13     1.57616
 0  1    19    14     1.00472
 0  1    19    15     2.86136
 0  1    19    16     2.33702
 0  1    19    17     0.944886
 0  1    19    18     1.50423
 0  1    19    19     1.28749
 0  1    19    20     1.31105
 0  1    19    21     1.10471
 0  1    19    22     1.4109
 0  1    19    23     1.24184
 0  1    19    24     1.21022
 0  1    19    25     1.087
 0  1    19    26     1.19886
 0  1    19    27     1.79962
 0  1    19    28     1.38567
 0  1    19    29     1.63902
 0  1    19    30     1.23349
 0  1    19    31     1.24244
 0  1    20    0     0.203374
 0  1    20    1     1.12475
 0  1    20    2     0.447095
 0  1    20    3     1.22639
 0  1    20    4     1.38847
 0  1    20    5     1.39124
 0  1    20    6     2.042
 0  1    20    7     1.83777
 0  1    20    8     1.53777
 0  1    20    9     1.48177
 0  1    20    10     2.03151
 0  1    20    11     1.84806
 0  1    20    12     1.72881
 0  1    20    13     1.19924
 0  1    20    14     0.352598
 0  1    20    15     1.71496
 0  1    20    16     0.739044
 0  1    20    17     2.53183
 0  1    20    18     1.71639
 0  1    20    19     0.343114
 0  1    20    20     0.576895
 0  1    20    21     1.09932
 0  1    21    0     0.0932243
 0  1    21    1     0.0564173
 0  1    21    2     0.948803
 0  1    21    3     0.384887
 0  1    21    4     0.280284
 0  1    21    5     1.36296
 0  1    21    6     0.384522
 0  1    21    7     1.74617
 0  1    21    8     0.543617
 0  1    21    9     1.42272
 0  1    21    10     1.37374
 0  1    21    11     1.25713
 0  1    21    12     1.28847
 0  1    21    13     0.358556
 0  1    21    14     0.390548
 0  1    21    15     1.29345
 0  1    21    16     0.739438
 0  1    21    17     0.162937
 0  1    21    18     0.586668
 0  1    21    19     0.317963
 0  1    21    20     1.27006
 0  1    21    21     1.23935
 0  1    22    0     1.04539
 0  1    22    1     1.0828
 0  1    22    2     1.55642
 0  1    22    3     1.21756
 0  1    22    4     1.89514
 0  1    22    5     2.12495
 0  1    22    6     2.40994
 0  1    22    7     1.26843
 0  1    22    8     1.38568
 0  1    22    9     1.14458
 0  1    22    10     1.25685
 0  1    22    11     1.73339
 0  1    22    12     1.55369
 0  1    22    13     1.24491
 0  1    22    14     1.43731
 0  1    22    15     1.33742
 0  1    22    16     1.29861
 0  1    22    17     2.32497
 0  1    22    18     2.19321
 0  1    22    19     1.25218
 0  1    22    20     1.20506
 0  1    22    21     0.904427
 0  1    22    22     0.946258
 0  1    22    23     1.18626
 0  1    22    24     1.27328
 0  1    22    25     1.11874
 0  1    22    26     1.25647
 0  1    22    27     1.18597
 0  1    22    28     1.18593
 0  1    22    29     1.13111
 0  1    22    30     0.26094
 0  1    22    31     0.691492
 0  1    23    0     2.36217
 0  1    23    1     1.02846
 0  1    23    2     0.279725
 0  1    23    3     0.446302
 0  1    23    4     0.173384
 0  1    23    5     0.542136
 0  1    23    6     1.47052
 0  1    23    7     1.49162
 0  1    23    8     0.198261
 0  1    23    9     0.156225
 0  1    23    10     0.146344
 0  1    23    11     0.600449
 0  1    23    12     0.144533
 0  1    23    13     0.370804
 0  1    23    14     0.228468
 0  1    23    15     1.16169
 0  1    23    16     1.32023
 0  1    23    17     0.165765
 0  1    23    18     1.36521
 0  1    23    19     0.301221
 0  1    23    20     0.31654
 0  1    23    21     0.641747
 0  1    23    22     0.231193
 0  1    23    23     0.288512
 0  1    23    24     0.396077
 0  1    23    25     1.41279
 0  1    23    26     0.879695
 0  1    23    27     0.266626
 0  1    23    28     1.8643
 0  1    23    29     0.462409
 0  1    23    30     0.226919
 0  1    23    31     1.28799
