 0  0    0    0     1.12907
 0  0    0    1     1.16528
 0  0    0    2     1.18753
 0  0    0    3     1.14157
 0  0    0    4     1.26731
 0  0    0    5     1.26287
 0  0    0    6     1.38694
 0  0    0    7     1.29958
 0  0    0    8     1.49083
 0  0    0    9     1.29467
 0  0    0    10     1.2031
 0  0    0    11     1.31548
 0  0    0    12     1.01266
 0  0    0    13     1.33041
 0  0    0    14     1.1562
 0  0    0    15     1.2127
 0  0    0    16     1.12395
 0  0    0    17     1.33001
 0  0    0    18     1.31919
 0  0    0    19     1.23925
 0  0    0    20     1.28702
 0  0    0    21     1.87016
 0  0    0    22     1.61372
 0  0    0    23     1.3257
 0  0    0    24     1.34822
 0  0    0    25     1.568
 0  0    0    26     1.76624
 0  0    0    27     1.22176
 0  0    0    28     1.70532
 0  0    0    29     1.30306
 0  0    0    30     1.25565
 0  0    0    31     1.27301
 0  0    1    0     1.31534
 0  0    1    1     1.45801
 0  0    1    2     1.27018
 0  0    1    3     0.862844
 0  0    1    4     1.2733
 0  0    1    5     1.41684
 0  0    1    6     1.19199
 0  0    1    7     1.04779
 0  0    1    8     1.22132
 0  0    1    9     1.18277
 0  0    1    10     1.03911
 0  0    1    11     1.08881
 0  0    1    12     1.2593
 0  0    1    13     1.46345
 0  0    1    14     1.58779
 0  0    1    15     1.24295
 0  0    1    16     1.54292
 0  0    1    17     1.53703
 0  0    1    18     1.4973
 0  0    1    19     1.27579
 0  0    1    20     1.19026
 0  0    1    21     1.04287
 0  0    1    22     1.02353
 0  0    1    23     1.1705
 0  0    1    24     1.0809
 0  0    1    25     1.03529
 0  0    1    26     1.03515
 0  0    1    27     1.17454
 0  0    1    28     1.18728
 0  0    1    29     0.969022
 0  0    1    30     0.960415
 0  0    1    31     1.38733
 0  0    2    0     0.882249
 0  0    2    1     0.976569
 0  0    2    2     1.19436
 0  0    2    3     1.6406
 0  0    2    4     0.982192
 0  0    2    5     1.02721
 0  0    2    6     1.07748
 0  0    2    7     0.988888
 0  0    2    8     1.1523
 0  0    2    9     1.23477
 0  0    2    10     1.02901
 0  0    2    11     1.34976
 0  0    2    12     1.31281
 0  0    2    13     1.2319
 0  0    2    14     1.2278
 0  0    2    15     1.27683
 0  0    2    16     1.2136
 0  0    2    17     1.18231
 0  0    2    18     1.20942
 0  0    2    19     1.1227
 0  0    2    20     1.09603
 0  0    2    21     1.32978
 0  0    2    22     1.30769
 0  0    2    23     1.28298
 0  0    2    24     1.11454
 0  0    2    25     1.26887
 0  0    2    26     1.16854
 0  0    2    27     1.23973
 0  0    2    28     1.24828
 0  0    2    29     1.493
 0  0    2    30     1.43925
 0  0    2    31     0.998684
 0  0    3    0     1.75248
 0  0    3    1     1.09499
 0  0    3    2     1.11287
 0  0    3    3     1.11254
 0  0    3    4     1.12031
 0  0    3    5     0.992959
 0  0    3    6     1.09623
 0  0    3    7     1.1538
 0  0    3    8     1.15691
 0  0    3    9     1.03232
 0  0    3    10     1.03729
 0  0    3    11     1.09081
 0  0    3    12     1.12358
 0  0    3    13     1.35113
 0  0    3    14     1.23924
 0  0    3    15     1.61131
 0  0    3    16     1.23886
 0  0    3    17     1.17999
 0  0    3    18     1.40211
 0  0    3    19     1.50927
 0  0    3    20     1.23174
 0  0    3    21     1.13208
 0  0    3    22     1.15722
 0  0    3    23     1.30642
 0  0    3    24     1.35104
 0  0    3    25     1.1753
 0  0    3    26     1.1071
 0  0    3    27     1.64283
 0  0    3    28     0.982418
 0  0    3    29     1.55307
 0  0    3    30     1.40129
 0  0    3    31     1.0358
 0  0    4    0     1.1032
 0  0    4    1     1.3444
 0  0    4    2     1.32826
 0  0    4    3     0.944847
 0  0    4    4     1.2946
 0  0    4    5     1.29627
 0  0    4    6     1.34421
 0  0    4    7     1.35528
 0  0    4    8     1.11892
 0  0    4    9     1.23103
 0  0    4    10     1.43168
 0  0    4    11     1.28244
 0  0    4    12     1.54327
 0  0    4    13     1.24775
 0  0    4    14     1.30831
 0  0    4    15     1.22304
 0  0    4    16     1.42713
 0  0    4    17     1.2379
 0  0    4    18     1.23773
 0  0    4    19     1.14698
 0  0    4    20     1.31757
 0  0    4    21     1.50801
 0  0    4    22     1.28631
 0  0    4    23     1.35227
 0  0    4    24     1.35654
 0  0    4    25     1.28751
 0  0    4    26     1.5446
 0  0    4    27     1.24189
 0  0    4    28     1.00744
 0  0    4    29     1.18227
 0  0    4    30     1.18429
 0  0    4    31     1.338
 0  0    5    0     1.53008
 0  0    5    1     1.24098
 0  0    5    2     1.23068
 0  0    5    3     1.07285
 0  0    5    4     1.2383
 0  0    5    5     0.953502
 0  0    5    6     1.17537
 0  0    5    7     1.2203
 0  0    5    8     1.16522
 0  0    5    9     1.18342
 0  0    5    10     1.14104
 0  0    5    11     1.13275
 0  0    5    12     1.20223
 0  0    5    13     1.09029
 0  0    5    14     1.0659
 0  0    5    15     1.55281
 0  0    5    16     1.32419
 0  0    5    17     1.60346
 0  0    5    18     1.10013
 0  0    5    19     1.49611
 0  0    5    20     1.80726
 0  0    5    21     1.69543
 0  0    5    22     1.25972
 0  0    5    23     1.09783
 0  0    5    24     1.7748
 0  0    5    25     1.74188
 0  0    5    26     1.07233
 0  0    5    27     1.09775
 0  0    5    28     1.18969
 0  0    5    29     1.85378
 0  0    5    30     1.6222
 0  0    5    31     1.11058
 0  0    6    0     1.21129
 0  0    6    1     1.05377
 0  0    6    2     0.902084
 0  0    6    3     1.33607
 0  0    6    4     1.3465
 0  0    6    5     1.32927
 0  0    6    6     1.50867
 0  0    6    7     1.13996
 0  0    6    8     1.32519
 0  0    6    9     1.34221
 0  0    6    10     1.49443
 0  0    6    11     0.992728
 0  0    6    12     1.80051
 0  0    6    13     1.17352
 0  0    6    14     1.2677
 0  0    6    15     0.995347
 0  0    6    16     1.84601
 0  0    6    17     1.26763
 0  0    6    18     1.19512
 0  0    6    19     0.949895
 0  0    6    20     1.07357
 0  0    6    21     1.35692
 0  0    6    22     1.08306
 0  0    6    23     0.969931
 0  0    6    24     1.12286
 0  0    6    25     1.08526
 0  0    6    26     1.02973
 0  0    6    27     1.00544
 0  0    6    28     1.43372
 0  0    6    29     1.66005
 0  0    6    30     1.1652
 0  0    6    31     1.46972
 0  0    7    0     1.21948
 0  0    7    1     1.34696
 0  0    7    2     1.27296
 0  0    7    3     0.985445
 0  0    7    4     1.12631
 0  0    7    5     1.206
 0  0    7    6     1.13005
 0  0    7    7     1.282
 0  0    7    8     1.02399
 0  0    7    9     1.08503
 0  0    7    10     1.1446
 0  0    7    11     1.20721
 0  0    7    12     1.03537
 0  0    7    13     1.26579
 0  0    7    14     1.01694
 0  0    7    15     1.09299
 0  0    7    16     0.926297
 0  0    7    17     0.992202
 0  0    7    18     1.04132
 0  0    7    19     1.01263
 0  0    7    20     0.983215
 0  0    7    21     1.1618
 0  0    7    22     1.09865
 0  0    7    23     1.17102
 0  0    7    24     1.04046
 0  0    7    25     1.09914
 0  0    7    26     0.961508
 0  0    7    27     1.16578
 0  0    7    28     1.28356
 0  0    7    29     1.24536
 0  0    7    30     1.07846
 0  0    7    31     1.13378
 0  0    8    0     1.00466
 0  0    8    1     1.4622
 0  0    8    2     1.33748
 0  0    8    3     0.978241
 0  0    8    4     1.47759
 0  0    8    5     1.34288
 0  0    8    6     1.37831
 0  0    8    7     1.2284
 0  0    8    8     1.22493
 0  0    8    9     1.1802
 0  0    8    10     1.1949
 0  0    8    11     1.31687
 0  0    8    12     1.01958
 0  0    8    13     1.28052
 0  0    8    14     1.21977
 0  0    8    15     1.78547
 0  0    8    16     0.973609
 0  0    8    17     1.40374
 0  0    8    18     1.24824
 0  0    8    19     1.28807
 0  0    8    20     1.31684
 0  0    8    21     1.23661
 0  0    8    22     1.24399
 0  0    8    23     1.22007
 0  0    8    24     1.23179
 0  0    8    25     1.18767
 0  0    8    26     1.39392
 0  0    8    27     1.24858
 0  0    8    28     1.1093
 0  0    8    29     0.949347
 0  0    8    30     1.1579
 0  0    8    31     1.52271
 0  0    9    0     0.989896
 0  0    9    1     1.14739
 0  0    9    2     1.17172
 0  0    9    3     1.45075
 0  0    9    4     1.3072
 0  0    9    5     1.42072
 0  0    9    6     1.42699
 0  0    9    7     1.38896
 0  0    9    8     1.25243
 0  0    9    9     1.45442
 0  0    9    10     1.38419
 0  0    9    11     1.24672
 0  0    9    12     1.27623
 0  0    9    13     1.72253
 0  0    9    14     1.42815
 0  0    9    15     1.13279
 0  0    9    16     1.41542
 0  0    9    17     1.50995
 0  0    9    18     1.25671
 0  0    9    19     1.08337
 0  0    9    20     1.20466
 0  0    9    21     1.43014
 0  0    9    22     1.15347
 0  0    9    23     1.19887
 0  0    9    24     1.14215
 0  0    9    25     1.27986
 0  0    9    26     1.1812
 0  0    9    27     1.0816
 0  0    9    28     1.07772
 0  0    9    29     1.19089
 0  0    9    30     1.34579
 0  0    9    31     1.04117
 0  0    10    0     1.17689
 0  0    10    1     1.84204
 0  0    10    2     1.45357
 0  0    10    3     0.909678
 0  0    10    4     1.2857
 0  0    10    5     1.51917
 0  0    10    6     1.39012
 0  0    10    7     0.945085
 0  0    10    8     1.25923
 0  0    10    9     1.29941
 0  0    10    10     1.26334
 0  0    10    11     1.4383
 0  0    10    12     0.930632
 0  0    10    13     1.23588
 0  0    10    14     1.18669
 0  0    10    15     1.31164
 0  0    10    16     1.0992
 0  0    10    17     1.27775
 0  0    10    18     1.18194
 0  0    10    19     1.30412
 0  0    10    20     0.974024
 0  0    10    21     1.18786
 0  0    10    22     1.26428
 0  0    10    23     1.26954
 0  0    10    24     1.27506
 0  0    10    25     1.25849
 0  0    10    26     1.14212
 0  0    10    27     1.27956
 0  0    10    28     1.24992
 0  0    10    29     1.28204
 0  0    10    30     1.13427
 0  0    10    31     1.25552
 0  0    11    0     1.50429
 0  0    11    1     1.63551
 0  0    11    2     1.22077
 0  0    11    3     1.38951
 0  0    11    4     1.36826
 0  0    11    5     1.7211
 0  0    11    6     1.21744
 0  0    11    7     0.820741
 0  0    11    8     1.35537
 0  0    11    9     1.64367
 0  0    11    10     1.14665
 0  0    11    11     1.09693
 0  0    11    12     1.50636
 0  0    11    13     1.14113
 0  0    11    14     1.10191
 0  0    11    15     0.847184
 0  0    11    16     1.52007
 0  0    11    17     1.18906
 0  0    11    18     1.09313
 0  0    11    19     0.832017
 0  0    11    20     0.845619
 0  0    11    21     0.970159
 0  0    11    22     1.18442
 0  0    11    23     1.4213
 0  0    11    24     1.35693
 0  0    11    25     1.08045
 0  0    11    26     1.06638
 0  0    11    27     1.28844
 0  0    11    28     1.2569
 0  0    11    29     1.24929
 0  0    11    30     1.19084
 0  0    11    31     1.22561
 0  0    12    0     1.39985
 0  0    12    1     1.11525
 0  0    12    2     1.02781
 0  0    12    3     1.21311
 0  0    12    4     0.936736
 0  0    12    5     1.28386
 0  0    12    6     1.37701
 0  0    12    7     1.63647
 0  0    12    8     1.0779
 0  0    12    9     1.48394
 0  0    12    10     1.45001
 0  0    12    11     1.56806
 0  0    12    12     0.869585
 0  0    12    13     1.38919
 0  0    12    14     1.60183
 0  0    12    15     1.99349
 0  0    12    16     0.887208
 0  0    12    17     1.78317
 0  0    12    18     1.67612
 0  0    12    19     1.86525
 0  0    12    20     1.55457
 0  0    12    21     1.27964
 0  0    12    22     1.91949
 0  0    12    23     1.22117
 0  0    12    24     1.32319
 0  0    12    25     1.34568
 0  0    12    26     1.4154
 0  0    12    27     1.14054
 0  0    12    28     1.04556
 0  0    12    29     1.33881
 0  0    12    30     1.29423
 0  0    12    31     1.03071
 0  0    13    0     1.09579
 0  0    13    1     0.950192
 0  0    13    2     1.23379
 0  0    13    3     1.7851
 0  0    13    4     1.56088
 0  0    13    5     1.25889
 0  0    13    6     1.32583
 0  0    13    7     1.32311
 0  0    13    8     1.35967
 0  0    13    9     1.24844
 0  0    13    10     1.29641
 0  0    13    11     1.37123
 0  0    13    12     1.56693
 0  0    13    13     1.27658
 0  0    13    14     1.33211
 0  0    13    15     1.28295
 0  0    13    16     1.19536
 0  0    13    17     1.1752
 0  0    13    18     1.19741
 0  0    13    19     1.40618
 0  0    13    20     0.989981
 0  0    13    21     1.36582
 0  0    13    22     1.42617
 0  0    13    23     1.3438
 0  0    13    24     0.953311
 0  0    13    25     1.33294
 0  0    13    26     1.09188
 0  0    13    27     1.23469
 0  0    13    28     0.970192
 0  0    13    29     1.56331
 0  0    13    30     1.11646
 0  0    13    31     1.47914
 0  0    14    0     1.14562
 0  0    14    1     1.29561
 0  0    14    2     1.38817
 0  0    14    3     1.42479
 0  0    14    4     1.40037
 0  0    14    5     1.2583
 0  0    14    6     1.23056
 0  0    14    7     1.35082
 0  0    14    8     1.26417
 0  0    14    9     1.25178
 0  0    14    10     1.36155
 0  0    14    11     1.21343
 0  0    14    12     1.3515
 0  0    14    13     1.35449
 0  0    14    14     1.31824
 0  0    14    15     1.05653
 0  0    14    16     1.24218
 0  0    14    17     1.37728
 0  0    14    18     1.41882
 0  0    14    19     1.11846
 0  0    14    20     1.14364
 0  0    14    21     1.84545
 0  0    14    22     1.80352
 0  0    14    23     1.24539
 0  0    14    24     1.34839
 0  0    14    25     1.85085
 0  0    14    26     1.48779
 0  0    14    27     1.3429
 0  0    14    28     1.28662
 0  0    14    29     1.43995
 0  0    14    30     1.43428
 0  0    14    31     1.84266
 0  0    15    0     1.16691
 0  0    15    1     1.18058
 0  0    15    2     1.33323
 0  0    15    3     1.20541
 0  0    15    4     0.920961
 0  0    15    5     1.44667
 0  0    15    6     1.41846
 0  0    15    7     1.32775
 0  0    15    8     1.02912
 0  0    15    9     1.60571
 0  0    15    10     1.27286
 0  0    15    11     1.26984
 0  0    15    12     0.968288
 0  0    15    13     1.32874
 0  0    15    14     1.15022
 0  0    15    15     1.53977
 0  0    15    16     0.917683
 0  0    15    17     1.32266
 0  0    15    18     1.09832
 0  0    15    19     1.58356
 0  0    15    20     0.837397
 0  0    15    21     1.13067
 0  0    15    22     1.03577
 0  0    15    23     1.22724
 0  0    15    24     0.897746
 0  0    15    25     1.17878
 0  0    15    26     1.06331
 0  0    15    27     0.9425
 0  0    15    28     1.16155
 0  0    15    29     1.03659
 0  0    15    30     0.953382
 0  0    15    31     0.968442
 0  0    16    0     1.24262
 0  0    16    1     1.31163
 0  0    16    2     1.26446
 0  0    16    3     1.15263
 0  0    16    4     1.24801
 0  0    16    5     1.08474
 0  0    16    6     1.05345
 0  0    16    7     1.25713
 0  0    16    8     1.21184
 0  0    16    9     1.03408
 0  0    16    10     1.05291
 0  0    16    11     1.37088
 0  0    16    12     1.52019
 0  0    16    13     1.39865
 0  0    16    14     0.907431
 0  0    16    15     1.62581
 0  0    16    16     1.44317
 0  0    16    17     1.37777
 0  0    16    18     1.28967
 0  0    16    19     1.24213
 0  0    16    20     0.983802
 0  0    16    21     1.15849
 0  0    16    22     1.06992
 0  0    16    23     1.29943
 0  0    16    24     0.933495
 0  0    16    25     1.10152
 0  0    16    26     0.971337
 0  0    16    27     1.32969
 0  0    16    28     1.09399
 0  0    16    29     0.851827
 0  0    16    30     0.999298
 0  0    16    31     0.872911
 0  0    17    0     1.0746
 0  0    17    1     1.21137
 0  0    17    2     1.3128
 0  0    17    3     1.09209
 0  0    17    4     1.55478
 0  0    17    5     1.50998
 0  0    17    6     1.45082
 0  0    17    7     1.30866
 0  0    17    8     1.49164
 0  0    17    9     1.47061
 0  0    17    10     1.47876
 0  0    17    11     1.50183
 0  0    17    12     1.53358
 0  0    17    13     1.31497
 0  0    17    14     1.35268
 0  0    17    15     1.12304
 0  0    17    16     1.29902
 0  0    17    17     1.27802
 0  0    17    18     1.17992
 0  0    17    19     1.01644
 0  0    17    20     1.18978
 0  0    17    21     1.07184
 0  0    17    22     1.05069
 0  0    17    23     1.16505
 0  0    17    24     1.12502
 0  0    17    25     1.32004
 0  0    17    26     1.14342
 0  0    17    27     1.2513
 0  0    17    28     0.835631
 0  0    17    29     1.11283
 0  0    17    30     1.03889
 0  0    17    31     0.997764
 0  0    18    0     1.04903
 0  0    18    1     1.21474
 0  0    18    2     1.45054
 0  0    18    3     1.38253
 0  0    18    4     1.19002
 0  0    18    5     1.31265
 0  0    18    6     1.22713
 0  0    18    7     1.2869
 0  0    18    8     1.2916
 0  0    18    9     1.22677
 0  0    18    10     1.15782
 0  0    18    11     1.17015
 0  0    18    12     1.05191
 0  0    18    13     1.53402
 0  0    18    14     1.47049
 0  0    18    15     1.41106
 0  0    18    16     1.01804
 0  0    18    17     1.50663
 0  0    18    18     1.32284
 0  0    18    19     1.1594
 0  0    18    20     1.08295
 0  0    18    21     1.07138
 0  0    18    22     1.30509
 0  0    18    23     1.0247
 0  0    18    24     1.12017
 0  0    18    25     0.974685
 0  0    18    26     1.08105
 0  0    18    27     0.994339
 0  0    18    28     1.02076
 0  0    18    29     1.15852
 0  0    18    30     1.12084
 0  0    18    31     1.0049
 0  0    19    0     1.19579
 0  0    19    1     1.2171
 0  0    19    2     1.62235
 0  0    19    3     1.75106
 0  0    19    4     1.22588
 0  0    19    5     1.26695
 0  0    19    6     1.18825
 0  0    19    7     1.01595
 0  0    19    8     1.17487
 0  0    19    9     1.21888
 0  0    19    10     1.20716
 0  0    19    11     1.21611
 0  0    19    12     1.20541
 0  0    19    13     1.69229
 0  0    19    14     1.41776
 0  0    19    15     1.93569
 0  0    19    16     1.12692
 0  0    19    17     1.54793
 0  0    19    18     1.322
 0  0    19    19     1.94533
 0  0    19    20     1.0144
 0  0    19    21     1.55836
 0  0    19    22     1.08273
 0  0    19    23     1.14021
 0  0    19    24     1.19798
 0  0    19    25     1.21677
 0  0    19    26     1.28349
 0  0    19    27     0.978208
 0  0    19    28     0.995896
 0  0    19    29     1.69424
 0  0    19    30     1.29452
 0  0    19    31     1.08437
 0  0    20    0     1.42642
 0  0    20    1     1.29489
 0  0    20    2     1.16075
 0  0    20    3     1.4035
 0  0    20    4     1.40634
 0  0    20    5     1.55437
 0  0    20    6     1.61386
 0  0    20    7     2.4047
 0  0    20    8     1.36697
 0  0    20    9     1.06046
 0  0    20    10     1.69898
 0  0    20    11     1.61167
 0  0    20    12     1.70571
 0  0    20    13     1.90954
 0  0    20    14     1.6452
 0  0    20    15     1.50012
 0  0    20    16     1.43258
 0  0    20    17     1.59399
 0  0    20    18     1.78355
 0  0    20    19     1.61318
 0  0    20    20     1.57644
 0  0    20    21     0.589246
 0  0    21    0     1.38503
 0  0    21    1     1.34262
 0  0    21    2     1.01506
 0  0    21    3     1.00566
 0  0    21    4     1.14056
 0  0    21    5     1.29297
 0  0    21    6     0.995814
 0  0    21    7     1.27858
 0  0    21    8     1.12887
 0  0    21    9     1.19879
 0  0    21    10     1.24001
 0  0    21    11     1.40841
 0  0    21    12     1.09377
 0  0    21    13     1.19734
 0  0    21    14     1.27157
 0  0    21    15     1.68552
 0  0    21    16     1.1601
 0  0    21    17     1.38284
 0  0    21    18     1.70176
 0  0    21    19     1.50298
 0  0    21    20     1.31267
 0  0    21    21     1.18319
 0  0    22    0     1.33784
 0  0    22    1     1.64647
 0  0    22    2     1.65345
 0  0    22    3     1.0921
 0  0    22    4     1.17277
 0  0    22    5     1.49093
 0  0    22    6     1.41659
 0  0    22    7     1.8949
 0  0    22    8     1.7681
 0  0    22    9     1.64293
 0  0    22    10     1.52618
 0  0    22    11     1.58385
 0  0    22    12     1.13089
 0  0    22    13     1.25463
 0  0    22    14     1.39002
 0  0    22    15     1.2468
 0  0    22    16     1.13049
 0  0    22    17     1.20109
 0  0    22    18     1.43703
 0  0    22    19     1.24749
 0  0    22    20     1.33761
 0  0    22    21     1.19285
 0  0    22    22     1.43706
 0  0    22    23     1.40718
 0  0    22    24     1.59772
 0  0    22    25     1.21415
 0  0    22    26     1.30762
 0  0    22    27     1.02512
 0  0    22    28     1.25089
 0  0    22    29     0.91239
 0  0    22    30     0.884531
 0  0    22    31     1.0827
 0  0    23    0     1.49728
 0  0    23    1     1.92682
 0  0    23    2     1.91179
 0  0    23    3     1.62722
 0  0    23    4     1.4636
 0  0    23    5     1.58058
 0  0    23    6     1.52734
 0  0    23    7     2.18128
 0  0    23    8     1.98048
 0  0    23    9     1.55413
 0  0    23    10     1.57492
 0  0    23    11     1.46929
 0  0    23    12     1.68353
 0  0    23    13     1.51556
 0  0    23    14     1.52775
 0  0    23    15     1.90485
 0  0    23    16     0.437475
 0  0    23    17     1.74766
 0  0    23    18     2.00518
 0  0    23    19     1.45416
 0  0    23    20     1.0633
 0  0    23    21     1.48173
 0  0    23    22     1.09539
 0  0    23    23     1.54419
 0  0    23    24     1.52421
 0  0    23    25     1.36489
 0  0    23    26     1.34963
 0  0    23    27     1.9433
 0  0    23    28     1.78153
 0  0    23    29     1.02054
 0  0    23    30     0.624367
 0  0    23    31     1.07614
 0  1    0    0     1.26423
 0  1    0    1     1.22442
 0  1    0    2     1.18007
 0  1    0    3     1.22977
 0  1    0    4     1.17772
 0  1    0    5     1.35382
 0  1    0    6     1.28818
 0  1    0    7     1.15785
 0  1    0    8     1.26016
 0  1    0    9     1.38664
 0  1    0    10     1.47784
 0  1    0    11     1.25518
 0  1    0    12     1.35995
 0  1    0    13     1.36661
 0  1    0    14     1.09979
 0  1    0    15     1.14256
 0  1    0    16     1.29694
 0  1    0    17     1.44366
 0  1    0    18     1.38378
 0  1    0    19     1.36724
 0  1    0    20     1.79276
 0  1    0    21     1.26042
 0  1    0    22     1.39991
 0  1    0    23     1.28354
 0  1    0    24     2.02526
 0  1    0    25     1.23779
 0  1    0    26     1.45215
 0  1    0    27     1.36229
 0  1    0    28     1.21961
 0  1    0    29     1.20929
 0  1    0    30     1.16197
 0  1    0    31     1.24443
 0  1    1    0     1.22664
 0  1    1    1     1.42237
 0  1    1    2     1.37155
 0  1    1    3     1.18733
 0  1    1    4     1.08621
 0  1    1    5     1.12845
 0  1    1    6     1.09186
 0  1    1    7     1.58429
 0  1    1    8     1.05877
 0  1    1    9     1.01659
 0  1    1    10     1.04222
 0  1    1    11     1.30908
 0  1    1    12     1.33057
 0  1    1    13     1.05982
 0  1    1    14     1.04834
 0  1    1    15     1.12264
 0  1    1    16     1.34572
 0  1    1    17     1.08084
 0  1    1    18     1.03261
 0  1    1    19     1.14997
 0  1    1    20     1.37775
 0  1    1    21     1.35773
 0  1    1    22     1.23632
 0  1    1    23     1.16568
 0  1    1    24     1.16281
 0  1    1    25     1.36607
 0  1    1    26     1.4309
 0  1    1    27     1.18964
 0  1    1    28     1.16268
 0  1    1    29     1.30683
 0  1    1    30     1.42078
 0  1    1    31     1.2461
 0  1    2    0     1.33398
 0  1    2    1     1.68263
 0  1    2    2     1.63401
 0  1    2    3     1.28463
 0  1    2    4     1.44547
 0  1    2    5     1.32331
 0  1    2    6     1.46576
 0  1    2    7     1.37099
 0  1    2    8     1.52317
 0  1    2    9     1.53659
 0  1    2    10     1.49999
 0  1    2    11     1.34187
 0  1    2    12     1.17281
 0  1    2    13     1.47828
 0  1    2    14     1.35599
 0  1    2    15     1.1157
 0  1    2    16     1.17296
 0  1    2    17     1.49828
 0  1    2    18     1.53192
 0  1    2    19     1.15585
 0  1    2    20     1.19383
 0  1    2    21     1.62436
 0  1    2    22     1.4513
 0  1    2    23     1.70939
 0  1    2    24     1.16762
 0  1    2    25     1.71505
 0  1    2    26     1.63109
 0  1    2    27     1.76247
 0  1    2    28     1.17699
 0  1    2    29     1.24591
 0  1    2    30     1.66177
 0  1    2    31     1.6871
 0  1    3    0     1.16296
 0  1    3    1     1.35965
 0  1    3    2     1.43772
 0  1    3    3     1.51986
 0  1    3    4     1.39679
 0  1    3    5     1.37501
 0  1    3    6     1.42451
 0  1    3    7     1.53624
 0  1    3    8     1.27659
 0  1    3    9     1.42066
 0  1    3    10     1.32449
 0  1    3    11     1.56197
 0  1    3    12     1.13366
 0  1    3    13     1.02634
 0  1    3    14     1.27369
 0  1    3    15     1.13754
 0  1    3    16     1.21729
 0  1    3    17     1.01776
 0  1    3    18     1.02106
 0  1    3    19     1.1238
 0  1    3    20     1.75351
 0  1    3    21     1.23392
 0  1    3    22     1.19866
 0  1    3    23     1.22985
 0  1    3    24     1.44136
 0  1    3    25     1.39055
 0  1    3    26     1.35103
 0  1    3    27     1.41111
 0  1    3    28     1.50238
 0  1    3    29     1.47207
 0  1    3    30     1.54666
 0  1    3    31     0.96382
 0  1    4    0     1.6424
 0  1    4    1     1.54217
 0  1    4    2     1.61423
 0  1    4    3     1.47264
 0  1    4    4     1.52375
 0  1    4    5     1.44795
 0  1    4    6     1.48748
 0  1    4    7     1.35408
 0  1    4    8     1.46429
 0  1    4    9     1.32088
 0  1    4    10     1.55347
 0  1    4    11     1.46249
 0  1    4    12     1.24914
 0  1    4    13     1.27149
 0  1    4    14     1.24037
 0  1    4    15     1.51264
 0  1    4    16     1.13307
 0  1    4    17     1.221
 0  1    4    18     1.29021
 0  1    4    19     1.54659
 0  1    4    20     1.31399
 0  1    4    21     1.56413
 0  1    4    22     1.54079
 0  1    4    23     1.57746
 0  1    4    24     1.36361
 0  1    4    25     1.66542
 0  1    4    26     1.40959
 0  1    4    27     1.43147
 0  1    4    28     1.20973
 0  1    4    29     1.40872
 0  1    4    30     1.33517
 0  1    4    31     1.29705
 0  1    5    0     1.13848
 0  1    5    1     1.22874
 0  1    5    2     1.24873
 0  1    5    3     1.23764
 0  1    5    4     1.00532
 0  1    5    5     1.09308
 0  1    5    6     1.2261
 0  1    5    7     0.944233
 0  1    5    8     1.11856
 0  1    5    9     1.27043
 0  1    5    10     1.04567
 0  1    5    11     1.09733
 0  1    5    12     1.61165
 0  1    5    13     1.13647
 0  1    5    14     1.08709
 0  1    5    15     1.14327
 0  1    5    16     1.52625
 0  1    5    17     1.27129
 0  1    5    18     1.12147
 0  1    5    19     1.07377
 0  1    5    20     1.0566
 0  1    5    21     1.26009
 0  1    5    22     1.23778
 0  1    5    23     1.03362
 0  1    5    24     1.10863
 0  1    5    25     1.35176
 0  1    5    26     1.20943
 0  1    5    27     1.26976
 0  1    5    28     1.121
 0  1    5    29     1.04668
 0  1    5    30     1.0648
 0  1    5    31     1.05814
 0  1    6    0     1.18062
 0  1    6    1     1.24221
 0  1    6    2     1.33189
 0  1    6    3     1.21183
 0  1    6    4     0.994122
 0  1    6    5     1.08233
 0  1    6    6     1.02674
 0  1    6    7     1.04506
 0  1    6    8     0.933812
 0  1    6    9     1.17109
 0  1    6    10     1.04323
 0  1    6    11     1.12771
 0  1    6    12     1.15165
 0  1    6    13     1.15478
 0  1    6    14     1.12546
 0  1    6    15     1.33181
 0  1    6    16     1.03492
 0  1    6    17     1.24208
 0  1    6    18     1.16843
 0  1    6    19     1.30746
 0  1    6    20     1.06993
 0  1    6    21     1.27122
 0  1    6    22     1.40948
 0  1    6    23     1.22475
 0  1    6    24     1.09318
 0  1    6    25     1.50236
 0  1    6    26     1.33013
 0  1    6    27     1.26132
 0  1    6    28     1.04414
 0  1    6    29     1.10362
 0  1    6    30     1.15553
 0  1    6    31     1.21311
 0  1    7    0     1.09365
 0  1    7    1     1.2536
 0  1    7    2     1.43847
 0  1    7    3     2.13693
 0  1    7    4     1.25374
 0  1    7    5     1.50311
 0  1    7    6     1.69125
 0  1    7    7     1.34398
 0  1    7    8     1.26386
 0  1    7    9     1.51264
 0  1    7    10     1.58425
 0  1    7    11     1.27059
 0  1    7    12     1.23654
 0  1    7    13     1.50129
 0  1    7    14     1.7409
 0  1    7    15     1.68168
 0  1    7    16     1.2702
 0  1    7    17     1.4847
 0  1    7    18     1.72506
 0  1    7    19     1.42165
 0  1    7    20     1.20605
 0  1    7    21     1.30875
 0  1    7    22     1.28938
 0  1    7    23     1.2369
 0  1    7    24     1.37427
 0  1    7    25     1.32008
 0  1    7    26     1.45276
 0  1    7    27     1.27111
 0  1    7    28     1.22312
 0  1    7    29     1.59223
 0  1    7    30     1.44081
 0  1    7    31     1.24092
 0  1    8    0     1.52592
 0  1    8    1     1.53928
 0  1    8    2     1.42935
 0  1    8    3     1.00178
 0  1    8    4     1.23292
 0  1    8    5     1.01562
 0  1    8    6     0.986937
 0  1    8    7     1.35202
 0  1    8    8     1.40531
 0  1    8    9     1.27439
 0  1    8    10     1.25771
 0  1    8    11     1.53042
 0  1    8    12     1.26743
 0  1    8    13     1.57476
 0  1    8    14     1.63658
 0  1    8    15     1.24022
 0  1    8    16     1.37088
 0  1    8    17     1.62557
 0  1    8    18     1.48535
 0  1    8    19     1.52056
 0  1    8    20     1.26352
 0  1    8    21     1.5132
 0  1    8    22     1.33077
 0  1    8    23     1.71051
 0  1    8    24     1.09816
 0  1    8    25     1.68861
 0  1    8    26     1.67825
 0  1    8    27     1.66484
 0  1    8    28     1.13456
 0  1    8    29     1.35573
 0  1    8    30     1.29978
 0  1    8    31     1.40635
 0  1    9    0     1.03758
 0  1    9    1     1.43524
 0  1    9    2     1.32075
 0  1    9    3     1.20576
 0  1    9    4     1.58673
 0  1    9    5     1.4305
 0  1    9    6     1.36169
 0  1    9    7     1.2686
 0  1    9    8     1.57886
 0  1    9    9     1.47093
 0  1    9    10     1.37683
 0  1    9    11     1.47808
 0  1    9    12     1.31364
 0  1    9    13     1.73859
 0  1    9    14     1.67583
 0  1    9    15     1.2887
 0  1    9    16     1.26108
 0  1    9    17     1.63195
 0  1    9    18     1.51986
 0  1    9    19     1.26418
 0  1    9    20     1.61866
 0  1    9    21     1.18967
 0  1    9    22     1.21715
 0  1    9    23     1.2193
 0  1    9    24     1.74469
 0  1    9    25     1.36827
 0  1    9    26     1.29569
 0  1    9    27     1.20965
 0  1    9    28     1.59659
 0  1    9    29     1.0587
 0  1    9    30     1.02806
 0  1    9    31     0.943314
 0  1    10    0     1.21503
 0  1    10    1     1.16292
 0  1    10    2     1.11514
 0  1    10    3     0.95424
 0  1    10    4     1.73649
 0  1    10    5     1.22667
 0  1    10    6     1.42757
 0  1    10    7     1.40522
 0  1    10    8     1.78514
 0  1    10    9     1.05891
 0  1    10    10     1.15594
 0  1    10    11     1.50508
 0  1    10    12     1.12219
 0  1    10    13     1.1186
 0  1    10    14     1.06831
 0  1    10    15     1.13456
 0  1    10    16     1.06393
 0  1    10    17     1.11629
 0  1    10    18     1.02148
 0  1    10    19     1.10045
 0  1    10    20     0.905562
 0  1    10    21     1.34426
 0  1    10    22     1.51453
 0  1    10    23     0.908613
 0  1    10    24     0.919219
 0  1    10    25     1.34158
 0  1    10    26     1.2664
 0  1    10    27     1.00171
 0  1    10    28     1.10279
 0  1    10    29     1.14432
 0  1    10    30     0.918036
 0  1    10    31     1.02207
 0  1    11    0     0.965094
 0  1    11    1     1.1408
 0  1    11    2     1.10163
 0  1    11    3     1.21531
 0  1    11    4     1.50145
 0  1    11    5     1.43646
 0  1    11    6     1.54616
 0  1    11    7     1.31787
 0  1    11    8     1.27571
 0  1    11    9     1.31671
 0  1    11    10     1.35327
 0  1    11    11     1.37045
 0  1    11    12     1.09541
 0  1    11    13     1.19837
 0  1    11    14     1.15833
 0  1    11    15     1.19695
 0  1    11    16     1.11622
 0  1    11    17     1.05591
 0  1    11    18     1.17739
 0  1    11    19     1.26289
 0  1    11    20     1.04336
 0  1    11    21     1.11657
 0  1    11    22     1.11026
 0  1    11    23     1.12145
 0  1    11    24     0.843137
 0  1    11    25     1.06008
 0  1    11    26     1.10109
 0  1    11    27     1.32325
 0  1    11    28     1.00656
 0  1    11    29     1.13773
 0  1    11    30     0.994824
 0  1    11    31     1.04126
 0  1    12    0     1.18942
 0  1    12    1     1.48484
 0  1    12    2     1.64777
 0  1    12    3     1.24035
 0  1    12    4     1.28719
 0  1    12    5     1.13636
 0  1    12    6     1.18607
 0  1    12    7     1.00625
 0  1    12    8     1.37683
 0  1    12    9     1.09321
 0  1    12    10     1.27177
 0  1    12    11     0.988479
 0  1    12    12     1.30268
 0  1    12    13     1.28956
 0  1    12    14     1.27337
 0  1    12    15     1.20989
 0  1    12    16     1.17557
 0  1    12    17     1.33511
 0  1    12    18     1.19983
 0  1    12    19     1.16415
 0  1    12    20     1.01144
 0  1    12    21     1.14532
 0  1    12    22     1.05873
 0  1    12    23     1.05076
 0  1    12    24     1.27212
 0  1    12    25     1.10321
 0  1    12    26     1.00971
 0  1    12    27     1.20983
 0  1    12    28     0.887128
 0  1    12    29     0.900982
 0  1    12    30     1.13129
 0  1    12    31     0.886217
 0  1    13    0     1.25575
 0  1    13    1     1.25246
 0  1    13    2     1.2383
 0  1    13    3     1.49182
 0  1    13    4     1.14883
 0  1    13    5     1.31777
 0  1    13    6     1.33983
 0  1    13    7     1.35361
 0  1    13    8     1.11346
 0  1    13    9     1.47797
 0  1    13    10     1.36467
 0  1    13    11     1.29082
 0  1    13    12     1.25008
 0  1    13    13     1.0514
 0  1    13    14     1.10689
 0  1    13    15     1.32308
 0  1    13    16     1.13357
 0  1    13    17     1.01784
 0  1    13    18     1.03745
 0  1    13    19     1.17541
 0  1    13    20     1.04547
 0  1    13    21     1.22315
 0  1    13    22     1.41143
 0  1    13    23     1.11683
 0  1    13    24     1.06354
 0  1    13    25     1.16305
 0  1    13    26     1.25163
 0  1    13    27     1.1929
 0  1    13    28     1.00029
 0  1    13    29     1.18311
 0  1    13    30     1.06763
 0  1    13    31     1.02056
 0  1    14    0     1.54813
 0  1    14    1     1.06046
 0  1    14    2     1.05257
 0  1    14    3     0.943685
 0  1    14    4     1.3295
 0  1    14    5     1.30867
 0  1    14    6     1.50739
 0  1    14    7     1.18176
 0  1    14    8     1.28891
 0  1    14    9     1.38354
 0  1    14    10     1.66424
 0  1    14    11     1.21774
 0  1    14    12     1.18956
 0  1    14    13     1.05642
 0  1    14    14     1.09001
 0  1    14    15     1.07173
 0  1    14    16     1.07035
 0  1    14    17     1.10893
 0  1    14    18     1.30327
 0  1    14    19     1.03542
 0  1    14    20     1.04178
 0  1    14    21     1.03483
 0  1    14    22     1.05757
 0  1    14    23     1.33631
 0  1    14    24     1.26963
 0  1    14    25     1.13716
 0  1    14    26     1.12763
 0  1    14    27     1.40951
 0  1    14    28     1.00839
 0  1    14    29     1.1146
 0  1    14    30     1.15178
 0  1    14    31     1.40393
 0  1    15    0     0.993702
 0  1    15    1     1.11327
 0  1    15    2     0.96565
 0  1    15    3     0.968089
 0  1    15    4     1.14201
 0  1    15    5     1.39257
 0  1    15    6     1.24845
 0  1    15    7     1.10119
 0  1    15    8     1.11527
 0  1    15    9     1.35076
 0  1    15    10     1.30841
 0  1    15    11     1.15235
 0  1    15    12     1.12368
 0  1    15    13     1.45725
 0  1    15    14     1.29994
 0  1    15    15     1.11555
 0  1    15    16     1.12491
 0  1    15    17     1.47412
 0  1    15    18     1.45151
 0  1    15    19     1.2856
 0  1    15    20     1.002
 0  1    15    21     1.23992
 0  1    15    22     1.15598
 0  1    15    23     1.0178
 0  1    15    24     1.17801
 0  1    15    25     1.30888
 0  1    15    26     1.16189
 0  1    15    27     1.1169
 0  1    15    28     1.0731
 0  1    15    29     1.20605
 0  1    15    30     1.0535
 0  1    15    31     1.06474
 0  1    16    0     0.880575
 0  1    16    1     1.14029
 0  1    16    2     0.984485
 0  1    16    3     0.943173
 0  1    16    4     1.33569
 0  1    16    5     1.09604
 0  1    16    6     1.1183
 0  1    16    7     1.11282
 0  1    16    8     1.18017
 0  1    16    9     1.15858
 0  1    16    10     1.14927
 0  1    16    11     1.11148
 0  1    16    12     1.10321
 0  1    16    13     1.05899
 0  1    16    14     1.36285
 0  1    16    15     1.12476
 0  1    16    16     1.10158
 0  1    16    17     1.27189
 0  1    16    18     1.44518
 0  1    16    19     1.17711
 0  1    16    20     1.09961
 0  1    16    21     1.14673
 0  1    16    22     1.40916
 0  1    16    23     1.31958
 0  1    16    24     1.02367
 0  1    16    25     1.10836
 0  1    16    26     1.2809
 0  1    16    27     1.14076
 0  1    16    28     1.10071
 0  1    16    29     1.21647
 0  1    16    30     1.40334
 0  1    16    31     1.23615
 0  1    17    0     0.935773
 0  1    17    1     1.08431
 0  1    17    2     1.08098
 0  1    17    3     0.973176
 0  1    17    4     1.0434
 0  1    17    5     1.00386
 0  1    17    6     1.08627
 0  1    17    7     1.58544
 0  1    17    8     1.10091
 0  1    17    9     1.02245
 0  1    17    10     1.03115
 0  1    17    11     1.56033
 0  1    17    12     1.16004
 0  1    17    13     1.22707
 0  1    17    14     1.11291
 0  1    17    15     0.947031
 0  1    17    16     1.13046
 0  1    17    17     1.18473
 0  1    17    18     1.179
 0  1    17    19     0.960978
 0  1    17    20     1.28313
 0  1    17    21     1.32403
 0  1    17    22     1.22962
 0  1    17    23     1.21025
 0  1    17    24     1.0817
 0  1    17    25     1.31658
 0  1    17    26     1.30398
 0  1    17    27     1.09308
 0  1    17    28     1.34823
 0  1    17    29     1.34403
 0  1    17    30     1.26723
 0  1    17    31     1.05835
 0  1    18    0     1.01726
 0  1    18    1     1.14345
 0  1    18    2     1.1972
 0  1    18    3     1.07759
 0  1    18    4     1.54968
 0  1    18    5     1.58139
 0  1    18    6     1.39999
 0  1    18    7     1.08027
 0  1    18    8     1.50143
 0  1    18    9     1.62275
 0  1    18    10     1.52859
 0  1    18    11     1.2061
 0  1    18    12     0.888461
 0  1    18    13     1.0884
 0  1    18    14     1.08092
 0  1    18    15     1.97967
 0  1    18    16     0.902556
 0  1    18    17     1.15174
 0  1    18    18     1.15415
 0  1    18    19     1.92288
 0  1    18    20     1.19478
 0  1    18    21     1.22998
 0  1    18    22     1.27278
 0  1    18    23     1.10397
 0  1    18    24     1.02949
 0  1    18    25     1.34953
 0  1    18    26     1.21617
 0  1    18    27     1.13509
 0  1    18    28     1.27251
 0  1    18    29     1.16059
 0  1    18    30     1.2512
 0  1    18    31     1.13464
 0  1    19    0     1.22964
 0  1    19    1     1.15953
 0  1    19    2     1.16391
 0  1    19    3     1.25559
 0  1    19    4     1.36243
 0  1    19    5     1.08407
 0  1    19    6     1.11267
 0  1    19    7     1.56145
 0  1    19    8     1.06826
 0  1    19    9     1.08
 0  1    19    10     1.08069
 0  1    19    11     1.7376
 0  1    19    12     1.95864
 0  1    19    13     1.33592
 0  1    19    14     1.14519
 0  1    19    15     2.1605
 0  1    19    16     2.11685
 0  1    19    17     1.24528
 0  1    19    18     1.35455
 0  1    19    19     1.63541
 0  1    19    20     1.31137
 0  1    19    21     1.07821
 0  1    19    22     1.69708
 0  1    19    23     1.06878
 0  1    19    24     1.22073
 0  1    19    25     1.176
 0  1    19    26     1.13835
 0  1    19    27     1.56173
 0  1    19    28     1.26098
 0  1    19    29     1.32813
 0  1    19    30     1.16974
 0  1    19    31     1.39883
 0  1    20    0     1.60225
 0  1    20    1     1.18583
 0  1    20    2     1.3801
 0  1    20    3     1.43649
 0  1    20    4     1.41089
 0  1    20    5     1.34655
 0  1    20    6     1.99014
 0  1    20    7     1.82419
 0  1    20    8     1.4945
 0  1    20    9     1.56622
 0  1    20    10     1.86085
 0  1    20    11     2.10528
 0  1    20    12     1.56339
 0  1    20    13     1.47243
 0  1    20    14     1.66994
 0  1    20    15     1.79708
 0  1    20    16     2.11839
 0  1    20    17     1.97591
 0  1    20    18     1.52014
 0  1    20    19     0.900901
 0  1    20    20     1.30714
 0  1    20    21     1.55928
 0  1    21    0     0.908555
 0  1    21    1     1.28316
 0  1    21    2     1.47083
 0  1    21    3     1.27995
 0  1    21    4     1.23338
 0  1    21    5     1.21815
 0  1    21    6     1.41152
 0  1    21    7     1.8798
 0  1    21    8     1.9658
 0  1    21    9     1.29882
 0  1    21    10     1.50021
 0  1    21    11     1.23127
 0  1    21    12     1.32302
 0  1    21    13     1.32364
 0  1    21    14     1.31138
 0  1    21    15     1.60781
 0  1    21    16     1.57173
 0  1    21    17     1.4782
 0  1    21    18     2.13177
 0  1    21    19     0.572461
 0  1    21    20     0.647244
 0  1    21    21     0.551395
 0  1    22    0     1.42548
 0  1    22    1     1.31207
 0  1    22    2     1.54946
 0  1    22    3     1.28821
 0  1    22    4     1.91398
 0  1    22    5     1.98684
 0  1    22    6     2.34603
 0  1    22    7     1.32269
 0  1    22    8     1.3932
 0  1    22    9     1.20336
 0  1    22    10     1.28389
 0  1    22    11     1.76364
 0  1    22    12     1.61906
 0  1    22    13     1.28076
 0  1    22    14     1.4436
 0  1    22    15     1.3944
 0  1    22    16     1.20926
 0  1    22    17     2.38146
 0  1    22    18     2.22734
 0  1    22    19     1.26505
 0  1    22    20     1.28463
 0  1    22    21     0.932958
 0  1    22    22     0.97281
 0  1    22    23     1.20011
 0  1    22    24     1.27506
 0  1    22    25     1.12469
 0  1    22    26     1.27092
 0  1    22    27     1.24184
 0  1    22    28     1.18391
 0  1    22    29     1.2891
 0  1    22    30     1.06826
 0  1    22    31     1.13464
 0  1    23    0     1.055
 0  1    23    1     2.1058
 0  1    23    2     0.477981
 0  1    23    3     1.36551
 0  1    23    4     1.51784
 0  1    23    5     0.698974
 0  1    23    6     1.74138
 0  1    23    7     1.48468
 0  1    23    8     1.00199
 0  1    23    9     1.67011
 0  1    23    10     1.12429
 0  1    23    11     1.80894
 0  1    23    12     1.2581
 0  1    23    13     1.21947
 0  1    23    14     1.29635
 0  1    23    15     1.11638
 0  1    23    16     1.49269
 0  1    23    17     1.53303
 0  1    23    18     1.423
 0  1    23    19     1.38191
 0  1    23    20     1.3479
 0  1    23    21     1.75697
 0  1    23    22     1.7684
 0  1    23    23     1.59018
 0  1    23    24     1.89947
 0  1    23    25     0.367088
 0  1    23    26     1.77704
 0  1    23    27     1.68012
 0  1    23    28     1.64625
 0  1    23    29     0.765892
 0  1    23    30     1.41908
 0  1    23    31     0.79251
