 0  0    0    0     1.13501
 0  0    0    1     1.17426
 0  0    0    2     1.19574
 0  0    0    3     1.16877
 0  0    0    4     1.25667
 0  0    0    5     1.25575
 0  0    0    6     1.39182
 0  0    0    7     1.29754
 0  0    0    8     1.48007
 0  0    0    9     1.29147
 0  0    0    10     1.20868
 0  0    0    11     1.31938
 0  0    0    12     1.02249
 0  0    0    13     1.32539
 0  0    0    14     1.16416
 0  0    0    15     1.22141
 0  0    0    16     1.13224
 0  0    0    17     1.33561
 0  0    0    18     1.32068
 0  0    0    19     1.2446
 0  0    0    20     1.29
 0  0    0    21     1.83878
 0  0    0    22     1.62034
 0  0    0    23     1.32542
 0  0    0    24     1.34672
 0  0    0    25     1.56679
 0  0    0    26     1.74381
 0  0    0    27     1.23303
 0  0    0    28     1.70353
 0  0    0    29     1.30471
 0  0    0    30     1.25923
 0  0    0    31     1.27144
 0  0    1    0     1.31067
 0  0    1    1     1.45336
 0  0    1    2     1.27605
 0  0    1    3     0.87711
 0  0    1    4     1.28203
 0  0    1    5     1.41944
 0  0    1    6     1.19005
 0  0    1    7     1.05208
 0  0    1    8     1.22279
 0  0    1    9     1.18355
 0  0    1    10     1.05092
 0  0    1    11     1.09599
 0  0    1    12     1.26258
 0  0    1    13     1.45781
 0  0    1    14     1.58106
 0  0    1    15     1.24205
 0  0    1    16     1.53274
 0  0    1    17     1.53549
 0  0    1    18     1.492
 0  0    1    19     1.26781
 0  0    1    20     1.19672
 0  0    1    21     1.05006
 0  0    1    22     1.0306
 0  0    1    23     1.17058
 0  0    1    24     1.08512
 0  0    1    25     1.03363
 0  0    1    26     1.03249
 0  0    1    27     1.16941
 0  0    1    28     1.18512
 0  0    1    29     0.974652
 0  0    1    30     0.964948
 0  0    1    31     1.38077
 0  0    2    0     0.890289
 0  0    2    1     0.986344
 0  0    2    2     1.1902
 0  0    2    3     1.63512
 0  0    2    4     0.990864
 0  0    2    5     1.0277
 0  0    2    6     1.07067
 0  0    2    7     0.999009
 0  0    2    8     1.14635
 0  0    2    9     1.22993
 0  0    2    10     1.03434
 0  0    2    11     1.33499
 0  0    2    12     1.30755
 0  0    2    13     1.22468
 0  0    2    14     1.23745
 0  0    2    15     1.26774
 0  0    2    16     1.21656
 0  0    2    17     1.1864
 0  0    2    18     1.20671
 0  0    2    19     1.1227
 0  0    2    20     1.10495
 0  0    2    21     1.33448
 0  0    2    22     1.31769
 0  0    2    23     1.274
 0  0    2    24     1.11628
 0  0    2    25     1.25877
 0  0    2    26     1.17398
 0  0    2    27     1.23808
 0  0    2    28     1.24687
 0  0    2    29     1.48116
 0  0    2    30     1.4358
 0  0    2    31     1.00806
 0  0    3    0     1.71985
 0  0    3    1     1.10524
 0  0    3    2     1.11567
 0  0    3    3     1.10541
 0  0    3    4     1.12264
 0  0    3    5     0.992501
 0  0    3    6     1.09419
 0  0    3    7     1.13832
 0  0    3    8     1.14998
 0  0    3    9     1.03668
 0  0    3    10     1.04092
 0  0    3    11     1.09111
 0  0    3    12     1.11743
 0  0    3    13     1.3317
 0  0    3    14     1.22733
 0  0    3    15     1.5924
 0  0    3    16     1.23364
 0  0    3    17     1.18539
 0  0    3    18     1.38518
 0  0    3    19     1.47314
 0  0    3    20     1.23707
 0  0    3    21     1.12836
 0  0    3    22     1.15551
 0  0    3    23     1.3078
 0  0    3    24     1.3435
 0  0    3    25     1.16243
 0  0    3    26     1.1027
 0  0    3    27     1.61472
 0  0    3    28     0.985011
 0  0    3    29     1.53594
 0  0    3    30     1.38625
 0  0    3    31     1.03862
 0  0    4    0     1.1169
 0  0    4    1     1.3449
 0  0    4    2     1.30405
 0  0    4    3     0.95075
 0  0    4    4     1.29864
 0  0    4    5     1.28509
 0  0    4    6     1.33819
 0  0    4    7     1.37801
 0  0    4    8     1.11992
 0  0    4    9     1.23483
 0  0    4    10     1.44003
 0  0    4    11     1.27953
 0  0    4    12     1.54004
 0  0    4    13     1.2492
 0  0    4    14     1.29865
 0  0    4    15     1.23353
 0  0    4    16     1.41656
 0  0    4    17     1.24511
 0  0    4    18     1.2382
 0  0    4    19     1.15385
 0  0    4    20     1.33
 0  0    4    21     1.49275
 0  0    4    22     1.28941
 0  0    4    23     1.35732
 0  0    4    24     1.36581
 0  0    4    25     1.29826
 0  0    4    26     1.52302
 0  0    4    27     1.24779
 0  0    4    28     1.01887
 0  0    4    29     1.18025
 0  0    4    30     1.18568
 0  0    4    31     1.34444
 0  0    5    0     1.51034
 0  0    5    1     1.24619
 0  0    5    2     1.22416
 0  0    5    3     1.07775
 0  0    5    4     1.23964
 0  0    5    5     0.968692
 0  0    5    6     1.18301
 0  0    5    7     1.2278
 0  0    5    8     1.16838
 0  0    5    9     1.19051
 0  0    5    10     1.1452
 0  0    5    11     1.14001
 0  0    5    12     1.1932
 0  0    5    13     1.10273
 0  0    5    14     1.07945
 0  0    5    15     1.5475
 0  0    5    16     1.32376
 0  0    5    17     1.56896
 0  0    5    18     1.11716
 0  0    5    19     1.49243
 0  0    5    20     1.84588
 0  0    5    21     1.65704
 0  0    5    22     1.26369
 0  0    5    23     1.11632
 0  0    5    24     1.77659
 0  0    5    25     1.71955
 0  0    5    26     1.08897
 0  0    5    27     1.11508
 0  0    5    28     1.21637
 0  0    5    29     1.81097
 0  0    5    30     1.60652
 0  0    5    31     1.12757
 0  0    6    0     1.21113
 0  0    6    1     1.05506
 0  0    6    2     0.912134
 0  0    6    3     1.32807
 0  0    6    4     1.33702
 0  0    6    5     1.33339
 0  0    6    6     1.47752
 0  0    6    7     1.13984
 0  0    6    8     1.32167
 0  0    6    9     1.34248
 0  0    6    10     1.46975
 0  0    6    11     0.996068
 0  0    6    12     1.79348
 0  0    6    13     1.18005
 0  0    6    14     1.26848
 0  0    6    15     0.998494
 0  0    6    16     1.83036
 0  0    6    17     1.26272
 0  0    6    18     1.19115
 0  0    6    19     0.950289
 0  0    6    20     1.08385
 0  0    6    21     1.34745
 0  0    6    22     1.08512
 0  0    6    23     0.976153
 0  0    6    24     1.12843
 0  0    6    25     1.08521
 0  0    6    26     1.04002
 0  0    6    27     1.01046
 0  0    6    28     1.4283
 0  0    6    29     1.65299
 0  0    6    30     1.16913
 0  0    6    31     1.45474
 0  0    7    0     1.22521
 0  0    7    1     1.35221
 0  0    7    2     1.28258
 0  0    7    3     0.994578
 0  0    7    4     1.13098
 0  0    7    5     1.20717
 0  0    7    6     1.14111
 0  0    7    7     1.27716
 0  0    7    8     1.02743
 0  0    7    9     1.0825
 0  0    7    10     1.13464
 0  0    7    11     1.20993
 0  0    7    12     1.03623
 0  0    7    13     1.25563
 0  0    7    14     1.01924
 0  0    7    15     1.09499
 0  0    7    16     0.927229
 0  0    7    17     0.996384
 0  0    7    18     1.04352
 0  0    7    19     1.02165
 0  0    7    20     0.988835
 0  0    7    21     1.15304
 0  0    7    22     1.10284
 0  0    7    23     1.16629
 0  0    7    24     1.04405
 0  0    7    25     1.09679
 0  0    7    26     0.966889
 0  0    7    27     1.16806
 0  0    7    28     1.2801
 0  0    7    29     1.23981
 0  0    7    30     1.08621
 0  0    7    31     1.13366
 0  0    8    0     1.00854
 0  0    8    1     1.44725
 0  0    8    2     1.32725
 0  0    8    3     0.98399
 0  0    8    4     1.46675
 0  0    8    5     1.33588
 0  0    8    6     1.37457
 0  0    8    7     1.23825
 0  0    8    8     1.22576
 0  0    8    9     1.17577
 0  0    8    10     1.1892
 0  0    8    11     1.31719
 0  0    8    12     1.02249
 0  0    8    13     1.28768
 0  0    8    14     1.21965
 0  0    8    15     1.72997
 0  0    8    16     0.97938
 0  0    8    17     1.39617
 0  0    8    18     1.24726
 0  0    8    19     1.28723
 0  0    8    20     1.30505
 0  0    8    21     1.23451
 0  0    8    22     1.24263
 0  0    8    23     1.2236
 0  0    8    24     1.22314
 0  0    8    25     1.18641
 0  0    8    26     1.38539
 0  0    8    27     1.25516
 0  0    8    28     1.10697
 0  0    8    29     0.959526
 0  0    8    30     1.15911
 0  0    8    31     1.50153
 0  0    9    0     0.996786
 0  0    9    1     1.14447
 0  0    9    2     1.17184
 0  0    9    3     1.44028
 0  0    9    4     1.30588
 0  0    9    5     1.39763
 0  0    9    6     1.41834
 0  0    9    7     1.39421
 0  0    9    8     1.24605
 0  0    9    9     1.44204
 0  0    9    10     1.38197
 0  0    9    11     1.24456
 0  0    9    12     1.27215
 0  0    9    13     1.70542
 0  0    9    14     1.43287
 0  0    9    15     1.15638
 0  0    9    16     1.42013
 0  0    9    17     1.50133
 0  0    9    18     1.25083
 0  0    9    19     1.10217
 0  0    9    20     1.21083
 0  0    9    21     1.43237
 0  0    9    22     1.15023
 0  0    9    23     1.20268
 0  0    9    24     1.14611
 0  0    9    25     1.27633
 0  0    9    26     1.17553
 0  0    9    27     1.10791
 0  0    9    28     1.08442
 0  0    9    29     1.19137
 0  0    9    30     1.32377
 0  0    9    31     1.05044
 0  0    10    0     1.19359
 0  0    10    1     1.79425
 0  0    10    2     1.44056
 0  0    10    3     0.930982
 0  0    10    4     1.29255
 0  0    10    5     1.48738
 0  0    10    6     1.39406
 0  0    10    7     0.969772
 0  0    10    8     1.25174
 0  0    10    9     1.29331
 0  0    10    10     1.2677
 0  0    10    11     1.43562
 0  0    10    12     0.946705
 0  0    10    13     1.22852
 0  0    10    14     1.19193
 0  0    10    15     1.30901
 0  0    10    16     1.10415
 0  0    10    17     1.27745
 0  0    10    18     1.18494
 0  0    10    19     1.30138
 0  0    10    20     0.987942
 0  0    10    21     1.18835
 0  0    10    22     1.26304
 0  0    10    23     1.26011
 0  0    10    24     1.27286
 0  0    10    25     1.25098
 0  0    10    26     1.14462
 0  0    10    27     1.27195
 0  0    10    28     1.24524
 0  0    10    29     1.28427
 0  0    10    30     1.14366
 0  0    10    31     1.25906
 0  0    11    0     1.48911
 0  0    11    1     1.62227
 0  0    11    2     1.22879
 0  0    11    3     1.37972
 0  0    11    4     1.36723
 0  0    11    5     1.69527
 0  0    11    6     1.2174
 0  0    11    7     0.833447
 0  0    11    8     1.35576
 0  0    11    9     1.61936
 0  0    11    10     1.14833
 0  0    11    11     1.10299
 0  0    11    12     1.49988
 0  0    11    13     1.14481
 0  0    11    14     1.10127
 0  0    11    15     0.853773
 0  0    11    16     1.50855
 0  0    11    17     1.18333
 0  0    11    18     1.09203
 0  0    11    19     0.842636
 0  0    11    20     0.858302
 0  0    11    21     0.976284
 0  0    11    22     1.14389
 0  0    11    23     1.40557
 0  0    11    24     1.34672
 0  0    11    25     1.08937
 0  0    11    26     1.06655
 0  0    11    27     1.28071
 0  0    11    28     1.25282
 0  0    11    29     1.24818
 0  0    11    30     1.19209
 0  0    11    31     1.23193
 0  0    12    0     1.39447
 0  0    12    1     1.11497
 0  0    12    2     1.03453
 0  0    12    3     1.20788
 0  0    12    4     0.946072
 0  0    12    5     1.28408
 0  0    12    6     1.35509
 0  0    12    7     1.62697
 0  0    12    8     1.0749
 0  0    12    9     1.45144
 0  0    12    10     1.43443
 0  0    12    11     1.55681
 0  0    12    12     0.879072
 0  0    12    13     1.38146
 0  0    12    14     1.57781
 0  0    12    15     1.99891
 0  0    12    16     0.902676
 0  0    12    17     1.75656
 0  0    12    18     1.66562
 0  0    12    19     1.84717
 0  0    12    20     1.53768
 0  0    12    21     1.28561
 0  0    12    22     1.89477
 0  0    12    23     1.22065
 0  0    12    24     1.32259
 0  0    12    25     1.33874
 0  0    12    26     1.41402
 0  0    12    27     1.1447
 0  0    12    28     1.05295
 0  0    12    29     1.33233
 0  0    12    30     1.29229
 0  0    12    31     1.03815
 0  0    13    0     1.10077
 0  0    13    1     0.959691
 0  0    13    2     1.23141
 0  0    13    3     1.74359
 0  0    13    4     1.56236
 0  0    13    5     1.2667
 0  0    13    6     1.32213
 0  0    13    7     1.31526
 0  0    13    8     1.35763
 0  0    13    9     1.24055
 0  0    13    10     1.29517
 0  0    13    11     1.38221
 0  0    13    12     1.56549
 0  0    13    13     1.28362
 0  0    13    14     1.3363
 0  0    13    15     1.27506
 0  0    13    16     1.19533
 0  0    13    17     1.18864
 0  0    13    18     1.19719
 0  0    13    19     1.40466
 0  0    13    20     1.0044
 0  0    13    21     1.35941
 0  0    13    22     1.42916
 0  0    13    23     1.36244
 0  0    13    24     0.959244
 0  0    13    25     1.32658
 0  0    13    26     1.09321
 0  0    13    27     1.22933
 0  0    13    28     0.979098
 0  0    13    29     1.55302
 0  0    13    30     1.11402
 0  0    13    31     1.46602
 0  0    14    0     1.15505
 0  0    14    1     1.30561
 0  0    14    2     1.37103
 0  0    14    3     1.42708
 0  0    14    4     1.38204
 0  0    14    5     1.26392
 0  0    14    6     1.23603
 0  0    14    7     1.36352
 0  0    14    8     1.25327
 0  0    14    9     1.25747
 0  0    14    10     1.35364
 0  0    14    11     1.25037
 0  0    14    12     1.34315
 0  0    14    13     1.34887
 0  0    14    14     1.3058
 0  0    14    15     1.07788
 0  0    14    16     1.24797
 0  0    14    17     1.37375
 0  0    14    18     1.40632
 0  0    14    19     1.14845
 0  0    14    20     1.15147
 0  0    14    21     1.83175
 0  0    14    22     1.80725
 0  0    14    23     1.24881
 0  0    14    24     1.36428
 0  0    14    25     1.85444
 0  0    14    26     1.47361
 0  0    14    27     1.34325
 0  0    14    28     1.30283
 0  0    14    29     1.41931
 0  0    14    30     1.41738
 0  0    14    31     1.85325
 0  0    15    0     1.17276
 0  0    15    1     1.18235
 0  0    15    2     1.33504
 0  0    15    3     1.21357
 0  0    15    4     0.935872
 0  0    15    5     1.42821
 0  0    15    6     1.40966
 0  0    15    7     1.32425
 0  0    15    8     1.03861
 0  0    15    9     1.58714
 0  0    15    10     1.27031
 0  0    15    11     1.27428
 0  0    15    12     0.972248
 0  0    15    13     1.31814
 0  0    15    14     1.15729
 0  0    15    15     1.52713
 0  0    15    16     0.927199
 0  0    15    17     1.30149
 0  0    15    18     1.103
 0  0    15    19     1.5721
 0  0    15    20     0.845128
 0  0    15    21     1.12803
 0  0    15    22     1.03863
 0  0    15    23     1.22227
 0  0    15    24     0.903175
 0  0    15    25     1.17331
 0  0    15    26     1.05885
 0  0    15    27     0.947017
 0  0    15    28     1.14684
 0  0    15    29     1.03219
 0  0    15    30     0.960618
 0  0    15    31     0.970286
 0  0    16    0     1.24342
 0  0    16    1     1.30369
 0  0    16    2     1.26312
 0  0    16    3     1.15125
 0  0    16    4     1.25004
 0  0    16    5     1.09139
 0  0    16    6     1.0497
 0  0    16    7     1.2573
 0  0    16    8     1.20799
 0  0    16    9     1.03892
 0  0    16    10     1.05913
 0  0    16    11     1.3714
 0  0    16    12     1.51755
 0  0    16    13     1.38197
 0  0    16    14     0.985645
 0  0    16    15     1.59886
 0  0    16    16     1.43968
 0  0    16    17     1.37845
 0  0    16    18     1.27727
 0  0    16    19     1.24464
 0  0    16    20     0.988442
 0  0    16    21     1.16032
 0  0    16    22     1.07239
 0  0    16    23     1.31026
 0  0    16    24     0.939121
 0  0    16    25     1.0965
 0  0    16    26     0.977725
 0  0    16    27     1.31658
 0  0    16    28     1.08801
 0  0    16    29     0.849567
 0  0    16    30     1.00885
 0  0    16    31     0.889014
 0  0    17    0     1.08079
 0  0    17    1     1.21597
 0  0    17    2     1.30158
 0  0    17    3     1.0904
 0  0    17    4     1.55319
 0  0    17    5     1.50423
 0  0    17    6     1.4499
 0  0    17    7     1.31162
 0  0    17    8     1.48578
 0  0    17    9     1.47311
 0  0    17    10     1.46071
 0  0    17    11     1.49677
 0  0    17    12     1.51613
 0  0    17    13     1.32562
 0  0    17    14     1.34583
 0  0    17    15     1.13117
 0  0    17    16     1.29225
 0  0    17    17     1.2735
 0  0    17    18     1.18328
 0  0    17    19     1.01744
 0  0    17    20     1.1934
 0  0    17    21     1.07265
 0  0    17    22     1.05055
 0  0    17    23     1.16746
 0  0    17    24     1.12141
 0  0    17    25     1.3031
 0  0    17    26     1.14257
 0  0    17    27     1.2335
 0  0    17    28     0.845303
 0  0    17    29     1.10693
 0  0    17    30     1.04742
 0  0    17    31     0.988187
 0  0    18    0     1.05632
 0  0    18    1     1.21495
 0  0    18    2     1.43994
 0  0    18    3     1.38528
 0  0    18    4     1.19307
 0  0    18    5     1.31294
 0  0    18    6     1.22083
 0  0    18    7     1.2709
 0  0    18    8     1.27922
 0  0    18    9     1.23253
 0  0    18    10     1.14969
 0  0    18    11     1.1832
 0  0    18    12     1.06678
 0  0    18    13     1.51336
 0  0    18    14     1.45589
 0  0    18    15     1.40855
 0  0    18    16     1.02258
 0  0    18    17     1.50789
 0  0    18    18     1.30434
 0  0    18    19     1.1644
 0  0    18    20     1.08262
 0  0    18    21     1.07756
 0  0    18    22     1.29017
 0  0    18    23     1.06953
 0  0    18    24     1.11471
 0  0    18    25     0.979948
 0  0    18    26     1.07005
 0  0    18    27     0.996048
 0  0    18    28     1.01851
 0  0    18    29     1.13576
 0  0    18    30     1.11973
 0  0    18    31     0.994347
 0  0    19    0     1.19214
 0  0    19    1     1.21741
 0  0    19    2     1.61235
 0  0    19    3     1.7364
 0  0    19    4     1.22848
 0  0    19    5     1.25536
 0  0    19    6     1.18939
 0  0    19    7     1.01704
 0  0    19    8     1.18104
 0  0    19    9     1.22376
 0  0    19    10     1.20605
 0  0    19    11     1.20419
 0  0    19    12     1.22002
 0  0    19    13     1.68667
 0  0    19    14     1.43947
 0  0    19    15     1.94823
 0  0    19    16     1.12523
 0  0    19    17     1.50385
 0  0    19    18     1.33467
 0  0    19    19     2.0314
 0  0    19    20     1.00304
 0  0    19    21     1.59011
 0  0    19    22     1.05643
 0  0    19    23     1.0877
 0  0    19    24     1.23713
 0  0    19    25     1.17587
 0  0    19    26     1.30997
 0  0    19    27     0.949044
 0  0    19    28     0.996717
 0  0    19    29     1.68245
 0  0    19    30     1.26565
 0  0    19    31     1.09111
 0  0    20    0     1.37754
 0  0    20    1     1.29639
 0  0    20    2     1.16948
 0  0    20    3     1.41325
 0  0    20    4     1.40501
 0  0    20    5     1.54009
 0  0    20    6     1.62216
 0  0    20    7     2.3465
 0  0    20    8     1.36294
 0  0    20    9     1.05016
 0  0    20    10     1.68234
 0  0    20    11     1.60651
 0  0    20    12     1.71558
 0  0    20    13     1.8969
 0  0    20    14     1.61683
 0  0    20    15     1.47784
 0  0    20    16     1.41923
 0  0    20    17     1.56595
 0  0    20    18     1.75532
 0  0    20    19     1.67183
 0  0    20    20     1.53715
 0  0    20    21     0.589246
 0  0    21    0     1.34441
 0  0    21    1     1.3525
 0  0    21    2     1.02527
 0  0    21    3     1.00845
 0  0    21    4     1.14533
 0  0    21    5     1.27757
 0  0    21    6     0.99294
 0  0    21    7     1.25749
 0  0    21    8     1.12476
 0  0    21    9     1.23047
 0  0    21    10     1.23795
 0  0    21    11     1.43176
 0  0    21    12     1.10284
 0  0    21    13     1.24526
 0  0    21    14     1.21809
 0  0    21    15     1.63561
 0  0    21    16     1.17644
 0  0    21    17     1.4439
 0  0    21    18     1.58922
 0  0    21    19     1.40039
 0  0    21    20     1.37812
 0  0    21    21     1.18322
 0  0    22    0     1.34382
 0  0    22    1     1.66026
 0  0    22    2     1.6305
 0  0    22    3     1.09423
 0  0    22    4     1.18201
 0  0    22    5     1.4961
 0  0    22    6     1.41983
 0  0    22    7     1.88869
 0  0    22    8     1.75415
 0  0    22    9     1.62862
 0  0    22    10     1.53076
 0  0    22    11     1.59775
 0  0    22    12     1.12953
 0  0    22    13     1.16183
 0  0    22    14     1.33793
 0  0    22    15     1.2403
 0  0    22    16     1.12766
 0  0    22    17     1.2083
 0  0    22    18     1.43884
 0  0    22    19     1.24771
 0  0    22    20     1.339
 0  0    22    21     1.19193
 0  0    22    22     1.429
 0  0    22    23     1.39588
 0  0    22    24     1.59894
 0  0    22    25     1.21089
 0  0    22    26     1.30917
 0  0    22    27     1.01893
 0  0    22    28     1.23898
 0  0    22    29     0.924778
 0  0    22    30     0.89897
 0  0    22    31     1.07417
 0  0    23    0     1.53082
 0  0    23    1     1.78524
 0  0    23    2     1.95535
 0  0    23    3     1.59231
 0  0    23    4     1.48591
 0  0    23    5     1.59025
 0  0    23    6     1.53385
 0  0    23    7     2.18769
 0  0    23    8     2.00483
 0  0    23    9     1.54902
 0  0    23    10     1.54177
 0  0    23    11     1.48487
 0  0    23    12     1.66984
 0  0    23    13     1.57577
 0  0    23    14     1.48649
 0  0    23    15     2.02541
 0  0    23    16     0.437475
 0  0    23    17     1.67409
 0  0    23    18     2.0125
 0  0    23    19     1.40855
 0  0    23    20     1.07189
 0  0    23    21     1.46295
 0  0    23    22     0.94319
 0  0    23    23     1.47627
 0  0    23    24     1.45445
 0  0    23    25     1.36959
 0  0    23    26     1.36627
 0  0    23    27     1.66591
 0  0    23    28     2.17455
 0  0    23    29     0.963067
 0  0    23    30     0.638025
 0  0    23    31     0.767719
 0  1    0    0     1.26996
 0  1    0    1     1.22697
 0  1    0    2     1.18623
 0  1    0    3     1.23145
 0  1    0    4     1.19554
 0  1    0    5     1.35888
 0  1    0    6     1.29142
 0  1    0    7     1.15748
 0  1    0    8     1.27257
 0  1    0    9     1.37873
 0  1    0    10     1.47694
 0  1    0    11     1.25556
 0  1    0    12     1.3561
 0  1    0    13     1.36984
 0  1    0    14     1.10583
 0  1    0    15     1.15047
 0  1    0    16     1.3074
 0  1    0    17     1.45339
 0  1    0    18     1.37772
 0  1    0    19     1.35921
 0  1    0    20     1.78872
 0  1    0    21     1.26906
 0  1    0    22     1.40942
 0  1    0    23     1.28732
 0  1    0    24     1.98693
 0  1    0    25     1.24118
 0  1    0    26     1.44609
 0  1    0    27     1.35339
 0  1    0    28     1.22577
 0  1    0    29     1.20917
 0  1    0    30     1.17093
 0  1    0    31     1.23831
 0  1    1    0     1.2304
 0  1    1    1     1.41208
 0  1    1    2     1.3771
 0  1    1    3     1.18432
 0  1    1    4     1.08849
 0  1    1    5     1.13577
 0  1    1    6     1.09951
 0  1    1    7     1.56375
 0  1    1    8     1.06725
 0  1    1    9     1.01802
 0  1    1    10     1.04534
 0  1    1    11     1.30425
 0  1    1    12     1.32866
 0  1    1    13     1.05922
 0  1    1    14     1.05651
 0  1    1    15     1.12697
 0  1    1    16     1.34665
 0  1    1    17     1.08565
 0  1    1    18     1.0369
 0  1    1    19     1.14742
 0  1    1    20     1.37405
 0  1    1    21     1.35487
 0  1    1    22     1.23361
 0  1    1    23     1.16692
 0  1    1    24     1.17026
 0  1    1    25     1.36318
 0  1    1    26     1.42693
 0  1    1    27     1.19146
 0  1    1    28     1.16357
 0  1    1    29     1.30466
 0  1    1    30     1.41617
 0  1    1    31     1.24579
 0  1    2    0     1.33989
 0  1    2    1     1.69021
 0  1    2    2     1.6289
 0  1    2    3     1.30019
 0  1    2    4     1.44999
 0  1    2    5     1.31313
 0  1    2    6     1.46566
 0  1    2    7     1.37476
 0  1    2    8     1.50632
 0  1    2    9     1.52815
 0  1    2    10     1.48478
 0  1    2    11     1.34622
 0  1    2    12     1.17206
 0  1    2    13     1.47255
 0  1    2    14     1.33873
 0  1    2    15     1.12078
 0  1    2    16     1.17538
 0  1    2    17     1.48629
 0  1    2    18     1.49607
 0  1    2    19     1.16572
 0  1    2    20     1.18729
 0  1    2    21     1.58115
 0  1    2    22     1.41916
 0  1    2    23     1.68212
 0  1    2    24     1.16579
 0  1    2    25     1.69052
 0  1    2    26     1.58121
 0  1    2    27     1.71959
 0  1    2    28     1.18602
 0  1    2    29     1.24156
 0  1    2    30     1.60674
 0  1    2    31     1.65342
 0  1    3    0     1.18299
 0  1    3    1     1.37258
 0  1    3    2     1.43577
 0  1    3    3     1.53517
 0  1    3    4     1.37651
 0  1    3    5     1.38521
 0  1    3    6     1.42843
 0  1    3    7     1.52732
 0  1    3    8     1.28029
 0  1    3    9     1.41146
 0  1    3    10     1.33073
 0  1    3    11     1.55901
 0  1    3    12     1.14723
 0  1    3    13     1.0443
 0  1    3    14     1.26926
 0  1    3    15     1.15814
 0  1    3    16     1.23088
 0  1    3    17     1.03462
 0  1    3    18     1.02873
 0  1    3    19     1.13967
 0  1    3    20     1.73
 0  1    3    21     1.23918
 0  1    3    22     1.19556
 0  1    3    23     1.23011
 0  1    3    24     1.4422
 0  1    3    25     1.39955
 0  1    3    26     1.35266
 0  1    3    27     1.39722
 0  1    3    28     1.5079
 0  1    3    29     1.47207
 0  1    3    30     1.54143
 0  1    3    31     0.976608
 0  1    4    0     1.69424
 0  1    4    1     1.5431
 0  1    4    2     1.57552
 0  1    4    3     1.40085
 0  1    4    4     1.50331
 0  1    4    5     1.44629
 0  1    4    6     1.46696
 0  1    4    7     1.30013
 0  1    4    8     1.48545
 0  1    4    9     1.30549
 0  1    4    10     1.57441
 0  1    4    11     1.40886
 0  1    4    12     1.25573
 0  1    4    13     1.25335
 0  1    4    14     1.22962
 0  1    4    15     1.50189
 0  1    4    16     1.15505
 0  1    4    17     1.21752
 0  1    4    18     1.29758
 0  1    4    19     1.53201
 0  1    4    20     1.31115
 0  1    4    21     1.54533
 0  1    4    22     1.54793
 0  1    4    23     1.53387
 0  1    4    24     1.36413
 0  1    4    25     1.63664
 0  1    4    26     1.40099
 0  1    4    27     1.45851
 0  1    4    28     1.20702
 0  1    4    29     1.40424
 0  1    4    30     1.33224
 0  1    4    31     1.31467
 0  1    5    0     1.14464
 0  1    5    1     1.22838
 0  1    5    2     1.23693
 0  1    5    3     1.23216
 0  1    5    4     1.01197
 0  1    5    5     1.09803
 0  1    5    6     1.22081
 0  1    5    7     0.950809
 0  1    5    8     1.1203
 0  1    5    9     1.27206
 0  1    5    10     1.05589
 0  1    5    11     1.09543
 0  1    5    12     1.5849
 0  1    5    13     1.14404
 0  1    5    14     1.09356
 0  1    5    15     1.14885
 0  1    5    16     1.49093
 0  1    5    17     1.26834
 0  1    5    18     1.1311
 0  1    5    19     1.08849
 0  1    5    20     1.05782
 0  1    5    21     1.24739
 0  1    5    22     1.2409
 0  1    5    23     1.04702
 0  1    5    24     1.10672
 0  1    5    25     1.32272
 0  1    5    26     1.20706
 0  1    5    27     1.2672
 0  1    5    28     1.11585
 0  1    5    29     1.05041
 0  1    5    30     1.06781
 0  1    5    31     1.067
 0  1    6    0     1.17755
 0  1    6    1     1.23966
 0  1    6    2     1.31857
 0  1    6    3     1.22071
 0  1    6    4     1.00262
 0  1    6    5     1.08256
 0  1    6    6     1.03176
 0  1    6    7     1.05391
 0  1    6    8     0.943981
 0  1    6    9     1.1681
 0  1    6    10     1.04545
 0  1    6    11     1.13736
 0  1    6    12     1.15151
 0  1    6    13     1.15513
 0  1    6    14     1.12561
 0  1    6    15     1.32133
 0  1    6    16     1.03948
 0  1    6    17     1.23734
 0  1    6    18     1.16892
 0  1    6    19     1.30365
 0  1    6    20     1.07643
 0  1    6    21     1.26182
 0  1    6    22     1.39615
 0  1    6    23     1.21899
 0  1    6    24     1.1004
 0  1    6    25     1.47811
 0  1    6    26     1.31387
 0  1    6    27     1.25743
 0  1    6    28     1.04925
 0  1    6    29     1.0991
 0  1    6    30     1.15872
 0  1    6    31     1.20506
 0  1    7    0     1.10309
 0  1    7    1     1.24785
 0  1    7    2     1.39379
 0  1    7    3     2.05459
 0  1    7    4     1.25329
 0  1    7    5     1.50419
 0  1    7    6     1.65691
 0  1    7    7     1.32616
 0  1    7    8     1.26516
 0  1    7    9     1.51344
 0  1    7    10     1.56257
 0  1    7    11     1.25892
 0  1    7    12     1.24054
 0  1    7    13     1.49751
 0  1    7    14     1.72004
 0  1    7    15     1.66334
 0  1    7    16     1.27082
 0  1    7    17     1.47488
 0  1    7    18     1.71884
 0  1    7    19     1.41675
 0  1    7    20     1.21863
 0  1    7    21     1.31053
 0  1    7    22     1.29606
 0  1    7    23     1.23577
 0  1    7    24     1.37821
 0  1    7    25     1.32116
 0  1    7    26     1.44691
 0  1    7    27     1.26664
 0  1    7    28     1.23195
 0  1    7    29     1.57035
 0  1    7    30     1.44274
 0  1    7    31     1.23697
 0  1    8    0     1.51785
 0  1    8    1     1.53489
 0  1    8    2     1.42337
 0  1    8    3     1.01432
 0  1    8    4     1.23627
 0  1    8    5     1.03328
 0  1    8    6     1.0019
 0  1    8    7     1.35232
 0  1    8    8     1.39663
 0  1    8    9     1.26864
 0  1    8    10     1.26458
 0  1    8    11     1.52334
 0  1    8    12     1.26033
 0  1    8    13     1.57245
 0  1    8    14     1.64365
 0  1    8    15     1.24975
 0  1    8    16     1.37247
 0  1    8    17     1.60941
 0  1    8    18     1.48524
 0  1    8    19     1.52743
 0  1    8    20     1.27568
 0  1    8    21     1.5007
 0  1    8    22     1.34339
 0  1    8    23     1.70475
 0  1    8    24     1.11007
 0  1    8    25     1.68526
 0  1    8    26     1.67807
 0  1    8    27     1.66441
 0  1    8    28     1.14171
 0  1    8    29     1.35519
 0  1    8    30     1.29943
 0  1    8    31     1.41004
 0  1    9    0     1.05199
 0  1    9    1     1.42667
 0  1    9    2     1.33004
 0  1    9    3     1.22463
 0  1    9    4     1.56469
 0  1    9    5     1.41013
 0  1    9    6     1.35889
 0  1    9    7     1.26309
 0  1    9    8     1.56482
 0  1    9    9     1.46163
 0  1    9    10     1.39089
 0  1    9    11     1.46718
 0  1    9    12     1.31681
 0  1    9    13     1.73941
 0  1    9    14     1.6546
 0  1    9    15     1.28858
 0  1    9    16     1.2718
 0  1    9    17     1.62726
 0  1    9    18     1.51582
 0  1    9    19     1.28341
 0  1    9    20     1.62689
 0  1    9    21     1.18704
 0  1    9    22     1.22127
 0  1    9    23     1.22396
 0  1    9    24     1.72041
 0  1    9    25     1.36552
 0  1    9    26     1.29388
 0  1    9    27     1.20532
 0  1    9    28     1.57777
 0  1    9    29     1.0766
 0  1    9    30     1.04083
 0  1    9    31     0.95875
 0  1    10    0     1.22005
 0  1    10    1     1.14988
 0  1    10    2     1.1261
 0  1    10    3     0.959971
 0  1    10    4     1.72027
 0  1    10    5     1.22533
 0  1    10    6     1.40591
 0  1    10    7     1.38919
 0  1    10    8     1.75569
 0  1    10    9     1.06458
 0  1    10    10     1.15948
 0  1    10    11     1.48575
 0  1    10    12     1.13266
 0  1    10    13     1.12228
 0  1    10    14     1.06709
 0  1    10    15     1.13066
 0  1    10    16     1.06419
 0  1    10    17     1.11033
 0  1    10    18     1.02421
 0  1    10    19     1.10689
 0  1    10    20     0.916816
 0  1    10    21     1.32659
 0  1    10    22     1.48963
 0  1    10    23     0.912409
 0  1    10    24     0.934548
 0  1    10    25     1.32261
 0  1    10    26     1.25324
 0  1    10    27     0.996998
 0  1    10    28     1.10382
 0  1    10    29     1.1328
 0  1    10    30     0.920876
 0  1    10    31     1.02302
 0  1    11    0     0.978825
 0  1    11    1     1.14226
 0  1    11    2     1.11016
 0  1    11    3     1.2248
 0  1    11    4     1.48531
 0  1    11    5     1.43236
 0  1    11    6     1.51826
 0  1    11    7     1.30565
 0  1    11    8     1.27486
 0  1    11    9     1.32324
 0  1    11    10     1.34806
 0  1    11    11     1.37134
 0  1    11    12     1.09901
 0  1    11    13     1.19177
 0  1    11    14     1.16957
 0  1    11    15     1.20738
 0  1    11    16     1.11699
 0  1    11    17     1.05875
 0  1    11    18     1.17579
 0  1    11    19     1.26111
 0  1    11    20     1.04662
 0  1    11    21     1.11359
 0  1    11    22     1.10939
 0  1    11    23     1.12559
 0  1    11    24     0.844203
 0  1    11    25     1.0651
 0  1    11    26     1.10053
 0  1    11    27     1.31213
 0  1    11    28     1.00342
 0  1    11    29     1.1336
 0  1    11    30     0.996231
 0  1    11    31     1.04159
 0  1    12    0     1.19764
 0  1    12    1     1.47699
 0  1    12    2     1.63246
 0  1    12    3     1.24327
 0  1    12    4     1.28963
 0  1    12    5     1.14669
 0  1    12    6     1.19152
 0  1    12    7     1.02028
 0  1    12    8     1.3747
 0  1    12    9     1.09959
 0  1    12    10     1.26338
 0  1    12    11     0.995792
 0  1    12    12     1.31078
 0  1    12    13     1.28578
 0  1    12    14     1.26809
 0  1    12    15     1.20632
 0  1    12    16     1.17482
 0  1    12    17     1.33777
 0  1    12    18     1.19554
 0  1    12    19     1.16203
 0  1    12    20     1.01887
 0  1    12    21     1.15121
 0  1    12    22     1.06044
 0  1    12    23     1.05734
 0  1    12    24     1.26536
 0  1    12    25     1.10418
 0  1    12    26     1.01626
 0  1    12    27     1.21648
 0  1    12    28     0.889644
 0  1    12    29     0.905332
 0  1    12    30     1.12663
 0  1    12    31     0.888435
 0  1    13    0     1.25884
 0  1    13    1     1.24877
 0  1    13    2     1.24422
 0  1    13    3     1.49903
 0  1    13    4     1.14626
 0  1    13    5     1.3129
 0  1    13    6     1.33511
 0  1    13    7     1.34977
 0  1    13    8     1.11676
 0  1    13    9     1.44949
 0  1    13    10     1.34753
 0  1    13    11     1.29432
 0  1    13    12     1.24088
 0  1    13    13     1.06034
 0  1    13    14     1.11577
 0  1    13    15     1.30778
 0  1    13    16     1.12681
 0  1    13    17     1.01983
 0  1    13    18     1.04201
 0  1    13    19     1.17604
 0  1    13    20     1.0396
 0  1    13    21     1.22007
 0  1    13    22     1.39126
 0  1    13    23     1.11856
 0  1    13    24     1.0708
 0  1    13    25     1.16081
 0  1    13    26     1.22311
 0  1    13    27     1.1795
 0  1    13    28     1.01053
 0  1    13    29     1.17704
 0  1    13    30     1.07103
 0  1    13    31     1.03237
 0  1    14    0     1.53328
 0  1    14    1     1.07026
 0  1    14    2     1.05155
 0  1    14    3     0.952389
 0  1    14    4     1.32473
 0  1    14    5     1.30357
 0  1    14    6     1.47975
 0  1    14    7     1.19104
 0  1    14    8     1.29053
 0  1    14    9     1.38533
 0  1    14    10     1.63112
 0  1    14    11     1.20848
 0  1    14    12     1.19202
 0  1    14    13     1.06393
 0  1    14    14     1.09075
 0  1    14    15     1.06627
 0  1    14    16     1.07936
 0  1    14    17     1.12878
 0  1    14    18     1.29679
 0  1    14    19     1.04779
 0  1    14    20     1.04836
 0  1    14    21     1.03939
 0  1    14    22     1.05469
 0  1    14    23     1.33345
 0  1    14    24     1.26092
 0  1    14    25     1.12876
 0  1    14    26     1.12639
 0  1    14    27     1.40209
 0  1    14    28     1.01943
 0  1    14    29     1.12661
 0  1    14    30     1.16348
 0  1    14    31     1.41696
 0  1    15    0     0.997412
 0  1    15    1     1.1135
 0  1    15    2     0.969845
 0  1    15    3     0.970201
 0  1    15    4     1.14312
 0  1    15    5     1.36664
 0  1    15    6     1.24272
 0  1    15    7     1.10005
 0  1    15    8     1.11892
 0  1    15    9     1.34732
 0  1    15    10     1.30551
 0  1    15    11     1.1569
 0  1    15    12     1.12305
 0  1    15    13     1.44789
 0  1    15    14     1.29344
 0  1    15    15     1.11762
 0  1    15    16     1.1334
 0  1    15    17     1.46197
 0  1    15    18     1.44198
 0  1    15    19     1.27716
 0  1    15    20     1.01742
 0  1    15    21     1.23147
 0  1    15    22     1.15819
 0  1    15    23     1.02193
 0  1    15    24     1.17803
 0  1    15    25     1.29216
 0  1    15    26     1.15562
 0  1    15    27     1.12
 0  1    15    28     1.08129
 0  1    15    29     1.21417
 0  1    15    30     1.0499
 0  1    15    31     1.06954
 0  1    16    0     0.888012
 0  1    16    1     1.13136
 0  1    16    2     0.984898
 0  1    16    3     0.944959
 0  1    16    4     1.32279
 0  1    16    5     1.09707
 0  1    16    6     1.11161
 0  1    16    7     1.11427
 0  1    16    8     1.18572
 0  1    16    9     1.15285
 0  1    16    10     1.14802
 0  1    16    11     1.10963
 0  1    16    12     1.10964
 0  1    16    13     1.06471
 0  1    16    14     1.34715
 0  1    16    15     1.12522
 0  1    16    16     1.10357
 0  1    16    17     1.26945
 0  1    16    18     1.4365
 0  1    16    19     1.17983
 0  1    16    20     1.10189
 0  1    16    21     1.14432
 0  1    16    22     1.39504
 0  1    16    23     1.32028
 0  1    16    24     1.02963
 0  1    16    25     1.10609
 0  1    16    26     1.28082
 0  1    16    27     1.1429
 0  1    16    28     1.10476
 0  1    16    29     1.22658
 0  1    16    30     1.41068
 0  1    16    31     1.24405
 0  1    17    0     0.937719
 0  1    17    1     1.08337
 0  1    17    2     1.0771
 0  1    17    3     0.979521
 0  1    17    4     1.04448
 0  1    17    5     0.999039
 0  1    17    6     1.08436
 0  1    17    7     1.56516
 0  1    17    8     1.09967
 0  1    17    9     1.022
 0  1    17    10     1.03068
 0  1    17    11     1.53128
 0  1    17    12     1.15676
 0  1    17    13     1.211
 0  1    17    14     1.10899
 0  1    17    15     0.952971
 0  1    17    16     1.13836
 0  1    17    17     1.18568
 0  1    17    18     1.17542
 0  1    17    19     0.962633
 0  1    17    20     1.27446
 0  1    17    21     1.31275
 0  1    17    22     1.22451
 0  1    17    23     1.20161
 0  1    17    24     1.0961
 0  1    17    25     1.30383
 0  1    17    26     1.30139
 0  1    17    27     1.08333
 0  1    17    28     1.37019
 0  1    17    29     1.35067
 0  1    17    30     1.26984
 0  1    17    31     1.05925
 0  1    18    0     1.02426
 0  1    18    1     1.15142
 0  1    18    2     1.19203
 0  1    18    3     1.08829
 0  1    18    4     1.53264
 0  1    18    5     1.57229
 0  1    18    6     1.40511
 0  1    18    7     1.08369
 0  1    18    8     1.49992
 0  1    18    9     1.59529
 0  1    18    10     1.48609
 0  1    18    11     1.21976
 0  1    18    12     0.90295
 0  1    18    13     1.08592
 0  1    18    14     1.10376
 0  1    18    15     1.96008
 0  1    18    16     0.919475
 0  1    18    17     1.15938
 0  1    18    18     1.16137
 0  1    18    19     1.88918
 0  1    18    20     1.19378
 0  1    18    21     1.22253
 0  1    18    22     1.26105
 0  1    18    23     1.10574
 0  1    18    24     1.0351
 0  1    18    25     1.31733
 0  1    18    26     1.20526
 0  1    18    27     1.15479
 0  1    18    28     1.26546
 0  1    18    29     1.16453
 0  1    18    30     1.2459
 0  1    18    31     1.11465
 0  1    19    0     1.22865
 0  1    19    1     1.1612
 0  1    19    2     1.16927
 0  1    19    3     1.27123
 0  1    19    4     1.35128
 0  1    19    5     1.08613
 0  1    19    6     1.12525
 0  1    19    7     1.51582
 0  1    19    8     1.07341
 0  1    19    9     1.08563
 0  1    19    10     1.08373
 0  1    19    11     1.72548
 0  1    19    12     1.89808
 0  1    19    13     1.33507
 0  1    19    14     1.16137
 0  1    19    15     2.15178
 0  1    19    16     2.07613
 0  1    19    17     1.22434
 0  1    19    18     1.34116
 0  1    19    19     1.81647
 0  1    19    20     1.29105
 0  1    19    21     1.09624
 0  1    19    22     1.61551
 0  1    19    23     1.10113
 0  1    19    24     1.23573
 0  1    19    25     1.22117
 0  1    19    26     1.14447
 0  1    19    27     1.44879
 0  1    19    28     1.29797
 0  1    19    29     1.34665
 0  1    19    30     1.16786
 0  1    19    31     1.3158
 0  1    20    0     1.65322
 0  1    20    1     1.05197
 0  1    20    2     1.39741
 0  1    20    3     1.44413
 0  1    20    4     1.40695
 0  1    20    5     1.34831
 0  1    20    6     1.93433
 0  1    20    7     1.77875
 0  1    20    8     1.49718
 0  1    20    9     1.53677
 0  1    20    10     1.81643
 0  1    20    11     2.08323
 0  1    20    12     1.50089
 0  1    20    13     1.46656
 0  1    20    14     1.68314
 0  1    20    15     1.78884
 0  1    20    16     0.902486
 0  1    20    17     1.74733
 0  1    20    18     1.48246
 0  1    20    19     0.900901
 0  1    20    20     1.98864
 0  1    20    21     1.34417
 0  1    21    0     0.758728
 0  1    21    1     1.29185
 0  1    21    2     1.45963
 0  1    21    3     1.27871
 0  1    21    4     1.26144
 0  1    21    5     1.19839
 0  1    21    6     1.40905
 0  1    21    7     1.89409
 0  1    21    8     1.98605
 0  1    21    9     1.09769
 0  1    21    10     1.53283
 0  1    21    11     1.20446
 0  1    21    12     1.36753
 0  1    21    13     1.29889
 0  1    21    14     1.30255
 0  1    21    15     1.60017
 0  1    21    16     1.58009
 0  1    21    17     1.46714
 0  1    21    18     1.94628
 0  1    21    19     0.572461
 0  1    21    20     0.647244
 0  1    21    21     1.15988
 0  1    22    0     1.43072
 0  1    22    1     1.32911
 0  1    22    2     1.54601
 0  1    22    3     1.31328
 0  1    22    4     1.90416
 0  1    22    5     1.88561
 0  1    22    6     2.3014
 0  1    22    7     1.33668
 0  1    22    8     1.38127
 0  1    22    9     1.22084
 0  1    22    10     1.28471
 0  1    22    11     1.76986
 0  1    22    12     1.63698
 0  1    22    13     1.27968
 0  1    22    14     1.43268
 0  1    22    15     1.3891
 0  1    22    16     1.13801
 0  1    22    17     2.37986
 0  1    22    18     2.23105
 0  1    22    19     1.26508
 0  1    22    20     1.3049
 0  1    22    21     0.935495
 0  1    22    22     0.975329
 0  1    22    23     1.19429
 0  1    22    24     1.27783
 0  1    22    25     1.12335
 0  1    22    26     1.26955
 0  1    22    27     1.24757
 0  1    22    28     1.19809
 0  1    22    29     1.27341
 0  1    22    30     1.05697
 0  1    22    31     1.17092
 0  1    23    0     1.75657
 0  1    23    1     2.08089
 0  1    23    2     1.74614
 0  1    23    3     1.46467
 0  1    23    4     1.5289
 0  1    23    5     0.698974
 0  1    23    6     1.71127
 0  1    23    7     1.52739
 0  1    23    8     0.891498
 0  1    23    9     1.69039
 0  1    23    10     0.717743
 0  1    23    11     1.79656
 0  1    23    12     1.23015
 0  1    23    13     1.20744
 0  1    23    14     1.29457
 0  1    23    15     1.11284
 0  1    23    16     1.49938
 0  1    23    17     1.50363
 0  1    23    18     1.42036
 0  1    23    19     1.39921
 0  1    23    20     1.3474
 0  1    23    21     1.68354
 0  1    23    22     1.75897
 0  1    23    23     1.34896
 0  1    23    24     1.89876
 0  1    23    25     0.367088
 0  1    23    26     1.71835
 0  1    23    27     1.70205
 0  1    23    28     1.55962
 0  1    23    29     1.49377
 0  1    23    30     1.333
 0  1    23    31     0.782704